Particles 506
x-wall 1 0 1  -0.0052 0.00388195 0  0 0 0  0 0 0   1 0 0 0  0 0 0  0 0 0
x-wall 1 1 1  0.0052 0.00388195 0  0 0 0  0 0 0   1 0 0 0  0 0 0  0 0 0
y-wall 1 2 1  0 -0.0002 0  0 0 0  0 0 0   1 0 0 0  0 0 0  0 0 0
y-wall 1 3 1  0 0.0079639 0  0 0 0  0 0 0   1 0 0 0  0 0 0  0 0 0
z-wall 1 4 1  0 0.00388195 -0.0052  0 0 0  0 0 0   1 0 0 0  0 0 0  0 0 0
z-wall 1 5 1  0 0.00388195 0.0052  0 0 0  0 0 0   1 0 0 0  0 0 0  0 0 0
sphere 0 6 0.0005  0 0.00388195 0  0 0 0  0 0 0   1 0 0 0  0 0 0  0 0 0
sphere 0 7 0.0004999  0.00392115 0.00192869 -0.00376968  0 0 0  0 0 0   1 0 0 0  0 0 0  0 0 0
sphere 0 8 0.0004998  -0.000498622 0.00252877 -0.00190606  0 0 0  0 0 0   1 0 0 0  0 0 0  0 0 0
sphere 0 9 0.0004997  -0.00299716 0.00075096 0.00184618  0 0 0  0 0 0   1 0 0 0  0 0 0  0 0 0
sphere 0 10 0.0004996  0.00445331 0.00224333 -1.92038e-05  0 0 0  0 0 0   1 0 0 0  0 0 0  0 0 0
sphere 0 11 0.0004995  -0.0014992 0.00509238 -0.00222609  0 0 0  0 0 0   1 0 0 0  0 0 0  0 0 0
sphere 0 12 0.0004994  0.00398835 0.00220857 -0.00208902  0 0 0  0 0 0   1 0 0 0  0 0 0  0 0 0
sphere 0 13 0.0004993  -0.00074212 0.006114 0.00388115  0 0 0  0 0 0   1 0 0 0  0 0 0  0 0 0
sphere 0 14 0.0004992  -0.0038794 0.00435266 -0.00231913  0 0 0  0 0 0   1 0 0 0  0 0 0  0 0 0
sphere 0 15 0.0004991  0.00368654 0.00363664 0.0016329  0 0 0  0 0 0   1 0 0 0  0 0 0  0 0 0
sphere 0 16 0.000499  -0.0034543 0.00369543 -0.00358161  0 0 0  0 0 0   1 0 0 0  0 0 0  0 0 0
sphere 0 17 0.0004989  -0.00410103 0.0063524 0.00128055  0 0 0  0 0 0   1 0 0 0  0 0 0  0 0 0
sphere 0 18 0.0004988  -0.00133343 0.00144467 -0.00300207  0 0 0  0 0 0   1 0 0 0  0 0 0  0 0 0
sphere 0 19 0.0004987  0.00117537 0.00662084 -0.00313443  0 0 0  0 0 0   1 0 0 0  0 0 0  0 0 0
sphere 0 20 0.0004986  0.00353692 0.00173101 0.00191428  0 0 0  0 0 0   1 0 0 0  0 0 0  0 0 0
sphere 0 21 0.0004985  0.00215671 0.000989783 0.0035094  0 0 0  0 0 0   1 0 0 0  0 0 0  0 0 0
sphere 0 22 0.0004984  0.0026596 0.00593115 -0.0040889  0 0 0  0 0 0   1 0 0 0  0 0 0  0 0 0
sphere 0 23 0.0004983  -0.000362093 0.00698221 -0.0037975  0 0 0  0 0 0   1 0 0 0  0 0 0  0 0 0
sphere 0 24 0.0004982  -0.0011842 0.0023111 0.000656665  0 0 0  0 0 0   1 0 0 0  0 0 0  0 0 0
sphere 0 25 0.0004981  0.00403714 0.00666936 0.000281058  0 0 0  0 0 0   1 0 0 0  0 0 0  0 0 0
sphere 0 26 0.000498  0.00162349 0.00427836 0.00203089  0 0 0  0 0 0   1 0 0 0  0 0 0  0 0 0
sphere 0 27 0.0004979  0.00268581 0.00102184 -0.00409266  0 0 0  0 0 0   1 0 0 0  0 0 0  0 0 0
sphere 0 28 0.0004978  0.00304411 0.00111017 0.0028351  0 0 0  0 0 0   1 0 0 0  0 0 0  0 0 0
sphere 0 29 0.0004977  -0.00382795 0.00427197 -0.00105816  0 0 0  0 0 0   1 0 0 0  0 0 0  0 0 0
sphere 0 30 0.0004976  -0.00257161 0.00443058 0.00375143  0 0 0  0 0 0   1 0 0 0  0 0 0  0 0 0
sphere 0 31 0.0004975  0.00296741 0.006931 -0.00178163  0 0 0  0 0 0   1 0 0 0  0 0 0  0 0 0
sphere 0 32 0.0004974  0.00217231 0.00261311 0.00285114  0 0 0  0 0 0   1 0 0 0  0 0 0  0 0 0
sphere 0 33 0.0004973  0.00343388 0.00364212 5.29993e-05  0 0 0  0 0 0   1 0 0 0  0 0 0  0 0 0
sphere 0 34 0.0004972  0.00431267 0.00144353 0.00066301  0 0 0  0 0 0   1 0 0 0  0 0 0  0 0 0
sphere 0 35 0.0004971  0.00187251 0.00103206 -0.00208104  0 0 0  0 0 0   1 0 0 0  0 0 0  0 0 0
sphere 0 36 0.000497  0.00202103 0.000893097 -0.000474011  0 0 0  0 0 0   1 0 0 0  0 0 0  0 0 0
sphere 0 37 0.0004969  -0.000416273 0.00322837 0.0037411  0 0 0  0 0 0   1 0 0 0  0 0 0  0 0 0
sphere 0 38 0.0004968  -0.00221893 0.0059004 0.00218541  0 0 0  0 0 0   1 0 0 0  0 0 0  0 0 0
sphere 0 39 0.0004967  -0.000439945 0.00267173 -0.000785603  0 0 0  0 0 0   1 0 0 0  0 0 0  0 0 0
sphere 0 40 0.0004966  0.00267755 0.00361493 0.00234843  0 0 0  0 0 0   1 0 0 0  0 0 0  0 0 0
sphere 0 41 0.0004965  -2.3167e-05 0.0022148 0.00145451  0 0 0  0 0 0   1 0 0 0  0 0 0  0 0 0
sphere 0 42 0.0004964  -2.07692e-05 0.00643069 -0.000959972  0 0 0  0 0 0   1 0 0 0  0 0 0  0 0 0
sphere 0 43 0.0004963  0.000450626 0.0039508 -0.00325843  0 0 0  0 0 0   1 0 0 0  0 0 0  0 0 0
sphere 0 44 0.0004962  -0.00427194 0.0017739 -0.00445155  0 0 0  0 0 0   1 0 0 0  0 0 0  0 0 0
sphere 0 45 0.0004961  0.00286131 0.00315626 0.0037138  0 0 0  0 0 0   1 0 0 0  0 0 0  0 0 0
sphere 0 46 0.000496  0.00100401 0.00627858 0.000863603  0 0 0  0 0 0   1 0 0 0  0 0 0  0 0 0
sphere 0 47 0.0004959  -0.00248355 0.00682022 0.00361389  0 0 0  0 0 0   1 0 0 0  0 0 0  0 0 0
sphere 0 48 0.0004958  -0.0017705 0.00275695 -0.000757541  0 0 0  0 0 0   1 0 0 0  0 0 0  0 0 0
sphere 0 49 0.0004957  0.00168147 0.00550564 -0.00255435  0 0 0  0 0 0   1 0 0 0  0 0 0  0 0 0
sphere 0 50 0.0004956  -0.00299988 0.00199925 -0.00398488  0 0 0  0 0 0   1 0 0 0  0 0 0  0 0 0
sphere 0 51 0.0004955  -0.000404137 0.00360061 -0.00194816  0 0 0  0 0 0   1 0 0 0  0 0 0  0 0 0
sphere 0 52 0.0004954  -0.00213175 0.00344225 0.0021843  0 0 0  0 0 0   1 0 0 0  0 0 0  0 0 0
sphere 0 53 0.0004953  0.000766169 0.00311373 8.66436e-05  0 0 0  0 0 0   1 0 0 0  0 0 0  0 0 0
sphere 0 54 0.0004952  0.00210412 0.00232571 0.00017902  0 0 0  0 0 0   1 0 0 0  0 0 0  0 0 0
sphere 0 55 0.0004951  -0.00260355 0.00155509 0.000500485  0 0 0  0 0 0   1 0 0 0  0 0 0  0 0 0
sphere 0 56 0.000495  0.00384653 0.0029013 -0.00134536  0 0 0  0 0 0   1 0 0 0  0 0 0  0 0 0
sphere 0 57 0.0004949  -0.00248059 0.00616134 7.91315e-05  0 0 0  0 0 0   1 0 0 0  0 0 0  0 0 0
sphere 0 58 0.0004948  -0.00400834 0.00545268 -8.30461e-05  0 0 0  0 0 0   1 0 0 0  0 0 0  0 0 0
sphere 0 59 0.0004947  0.00362015 0.00286378 0.00280982  0 0 0  0 0 0   1 0 0 0  0 0 0  0 0 0
sphere 0 60 0.0004946  0.0040636 0.000801 0.00171754  0 0 0  0 0 0   1 0 0 0  0 0 0  0 0 0
sphere 0 61 0.0004945  -0.00137589 0.00352407 0.00324742  0 0 0  0 0 0   1 0 0 0  0 0 0  0 0 0
sphere 0 62 0.0004944  0.00327104 0.00129329 -0.00109094  0 0 0  0 0 0   1 0 0 0  0 0 0  0 0 0
sphere 0 63 0.0004943  0.00105451 0.00474908 -0.00210121  0 0 0  0 0 0   1 0 0 0  0 0 0  0 0 0
sphere 0 64 0.0004942  0.0033807 0.00312149 -0.0044547  0 0 0  0 0 0   1 0 0 0  0 0 0  0 0 0
sphere 0 65 0.0004941  -0.00402206 0.000568466 -0.00208669  0 0 0  0 0 0   1 0 0 0  0 0 0  0 0 0
sphere 0 66 0.000494  0.00449419 0.000868748 -0.0013167  0 0 0  0 0 0   1 0 0 0  0 0 0  0 0 0
sphere 0 67 0.0004939  0.00436372 0.00695429 -0.00234007  0 0 0  0 0 0   1 0 0 0  0 0 0  0 0 0
sphere 0 68 0.0004938  0.00100185 0.00725092 -0.00214992  0 0 0  0 0 0   1 0 0 0  0 0 0  0 0 0
sphere 0 69 0.0004937  -0.00401418 0.000810214 -0.000100217  0 0 0  0 0 0   1 0 0 0  0 0 0  0 0 0
sphere 0 70 0.0004936  0.000991631 0.00715514 0.00142416  0 0 0  0 0 0   1 0 0 0  0 0 0  0 0 0
sphere 0 71 0.0004935  0.00182403 0.00289214 -0.00167974  0 0 0  0 0 0   1 0 0 0  0 0 0  0 0 0
sphere 0 72 0.0004934  -0.00336341 0.00610439 0.00272897  0 0 0  0 0 0   1 0 0 0  0 0 0  0 0 0
sphere 0 73 0.0004933  0.00254046 0.00324083 -0.00355721  0 0 0  0 0 0   1 0 0 0  0 0 0  0 0 0
sphere 0 74 0.0004932  -0.000876028 0.00609179 0.00183308  0 0 0  0 0 0   1 0 0 0  0 0 0  0 0 0
sphere 0 75 0.0004931  0.000457651 0.00101873 -0.0027277  0 0 0  0 0 0   1 0 0 0  0 0 0  0 0 0
sphere 0 76 0.000493  0.00390602 0.00421576 -0.000965735  0 0 0  0 0 0   1 0 0 0  0 0 0  0 0 0
sphere 0 77 0.0004929  -0.00429551 0.00220453 0.00118425  0 0 0  0 0 0   1 0 0 0  0 0 0  0 0 0
sphere 0 78 0.0004928  0.00229975 0.00262176 -0.00262364  0 0 0  0 0 0   1 0 0 0  0 0 0  0 0 0
sphere 0 79 0.0004927  0.00367822 0.00419856 -0.0022181  0 0 0  0 0 0   1 0 0 0  0 0 0  0 0 0
sphere 0 80 0.0004926  -0.00414364 0.0054039 0.00268997  0 0 0  0 0 0   1 0 0 0  0 0 0  0 0 0
sphere 0 81 0.0004925  0.00379795 0.00490802 0.00339819  0 0 0  0 0 0   1 0 0 0  0 0 0  0 0 0
sphere 0 82 0.0004924  0.00202338 0.00649137 -0.00190709  0 0 0  0 0 0   1 0 0 0  0 0 0  0 0 0
sphere 0 83 0.0004923  -0.00236902 0.00374126 -0.00186349  0 0 0  0 0 0   1 0 0 0  0 0 0  0 0 0
sphere 0 84 0.0004922  -0.000721115 0.00473047 0.000953231  0 0 0  0 0 0   1 0 0 0  0 0 0  0 0 0
sphere 0 85 0.0004921  0.0021733 0.00256505 0.00141735  0 0 0  0 0 0   1 0 0 0  0 0 0  0 0 0
sphere 0 86 0.000492  -0.00243521 0.00110214 -0.00246057  0 0 0  0 0 0   1 0 0 0  0 0 0  0 0 0
sphere 0 87 0.0004919  0.00342317 0.00519124 -0.000279847  0 0 0  0 0 0   1 0 0 0  0 0 0  0 0 0
sphere 0 88 0.0004918  -0.00426895 0.00266438 0.0033573  0 0 0  0 0 0   1 0 0 0  0 0 0  0 0 0
sphere 0 89 0.0004917  0.0011431 0.00389478 0.00344008  0 0 0  0 0 0   1 0 0 0  0 0 0  0 0 0
sphere 0 90 0.0004916  -0.000582359 0.00162973 -0.000571445  0 0 0  0 0 0   1 0 0 0  0 0 0  0 0 0
sphere 0 91 0.0004915  0.00133566 0.00357382 -0.00403072  0 0 0  0 0 0   1 0 0 0  0 0 0  0 0 0
sphere 0 92 0.0004914  -0.00442784 0.00624933 0.00342457  0 0 0  0 0 0   1 0 0 0  0 0 0  0 0 0
sphere 0 93 0.0004913  0.0010705 0.00473869 0.000795111  0 0 0  0 0 0   1 0 0 0  0 0 0  0 0 0
sphere 0 94 0.0004912  0.00352792 0.00536524 -0.00194925  0 0 0  0 0 0   1 0 0 0  0 0 0  0 0 0
sphere 0 95 0.0004911  -0.000493399 0.00262537 0.00235317  0 0 0  0 0 0   1 0 0 0  0 0 0  0 0 0
sphere 0 96 0.000491  0.000317943 0.000816783 0.00211626  0 0 0  0 0 0   1 0 0 0  0 0 0  0 0 0
sphere 0 97 0.0004909  0.00373721 0.00330846 -0.00316616  0 0 0  0 0 0   1 0 0 0  0 0 0  0 0 0
sphere 0 98 0.0004908  -0.00013624 0.00656065 0.000610545  0 0 0  0 0 0   1 0 0 0  0 0 0  0 0 0
sphere 0 99 0.0004907  0.00331601 0.00137605 0.000315022  0 0 0  0 0 0   1 0 0 0  0 0 0  0 0 0
sphere 0 100 0.0004906  -0.00432301 0.00641108 -0.00403751  0 0 0  0 0 0   1 0 0 0  0 0 0  0 0 0
sphere 0 101 0.0004905  -0.00361334 0.00124547 0.00245633  0 0 0  0 0 0   1 0 0 0  0 0 0  0 0 0
sphere 0 102 0.0004904  0.00313167 0.00532749 0.00435774  0 0 0  0 0 0   1 0 0 0  0 0 0  0 0 0
sphere 0 103 0.0004903  0.000167088 0.00582253 0.00273816  0 0 0  0 0 0   1 0 0 0  0 0 0  0 0 0
sphere 0 104 0.0004902  -0.00382388 0.00325243 -0.00224914  0 0 0  0 0 0   1 0 0 0  0 0 0  0 0 0
sphere 0 105 0.0004901  -0.000279779 0.00706451 0.00198023  0 0 0  0 0 0   1 0 0 0  0 0 0  0 0 0
sphere 0 106 0.00049  -0.00022205 0.00605219 -0.00238356  0 0 0  0 0 0   1 0 0 0  0 0 0  0 0 0
sphere 0 107 0.0004899  -0.00187088 0.00712785 0.00432286  0 0 0  0 0 0   1 0 0 0  0 0 0  0 0 0
sphere 0 108 0.0004898  0.00261559 0.00413232 -0.0027986  0 0 0  0 0 0   1 0 0 0  0 0 0  0 0 0
sphere 0 109 0.0004897  -0.00130978 0.00108289 0.00103618  0 0 0  0 0 0   1 0 0 0  0 0 0  0 0 0
sphere 0 110 0.0004896  0.00378191 0.00722501 0.00342422  0 0 0  0 0 0   1 0 0 0  0 0 0  0 0 0
sphere 0 111 0.0004895  -0.00337266 0.00266459 0.00135483  0 0 0  0 0 0   1 0 0 0  0 0 0  0 0 0
sphere 0 112 0.0004894  0.00305549 0.00626883 0.0023422  0 0 0  0 0 0   1 0 0 0  0 0 0  0 0 0
sphere 0 113 0.0004893  -0.00256499 0.00553664 -0.00140816  0 0 0  0 0 0   1 0 0 0  0 0 0  0 0 0
sphere 0 114 0.0004892  -0.00370806 0.00575786 0.00420327  0 0 0  0 0 0   1 0 0 0  0 0 0  0 0 0
sphere 0 115 0.0004891  -0.00254631 0.00679628 -0.00226855  0 0 0  0 0 0   1 0 0 0  0 0 0  0 0 0
sphere 0 116 0.000489  0.00056072 0.00633979 0.00426126  0 0 0  0 0 0   1 0 0 0  0 0 0  0 0 0
sphere 0 117 0.0004889  0.00250437 0.00534998 -0.000645092  0 0 0  0 0 0   1 0 0 0  0 0 0  0 0 0
sphere 0 118 0.0004888  -0.000764072 0.000677396 -0.00392613  0 0 0  0 0 0   1 0 0 0  0 0 0  0 0 0
sphere 0 119 0.0004887  -0.00365365 0.00432714 0.000195852  0 0 0  0 0 0   1 0 0 0  0 0 0  0 0 0
sphere 0 120 0.0004886  -0.00436634 0.00710742 -0.00228971  0 0 0  0 0 0   1 0 0 0  0 0 0  0 0 0
sphere 0 121 0.0004885  -0.00195036 0.000539238 0.00319237  0 0 0  0 0 0   1 0 0 0  0 0 0  0 0 0
sphere 0 122 0.0004884  0.000988251 0.000935001 -0.00382844  0 0 0  0 0 0   1 0 0 0  0 0 0  0 0 0
sphere 0 123 0.0004883  -0.00142719 0.00606938 0.000663669  0 0 0  0 0 0   1 0 0 0  0 0 0  0 0 0
sphere 0 124 0.0004882  -0.00418214 0.00497738 -0.00342  0 0 0  0 0 0   1 0 0 0  0 0 0  0 0 0
sphere 0 125 0.0004881  0.00209169 0.00381393 0.000101345  0 0 0  0 0 0   1 0 0 0  0 0 0  0 0 0
sphere 0 126 0.000488  0.000159295 0.000859195 0.000464396  0 0 0  0 0 0   1 0 0 0  0 0 0  0 0 0
sphere 0 127 0.0004879  0.00420139 0.00225797 0.00134053  0 0 0  0 0 0   1 0 0 0  0 0 0  0 0 0
sphere 0 128 0.0004878  -0.00199452 0.00286829 -0.00267575  0 0 0  0 0 0   1 0 0 0  0 0 0  0 0 0
sphere 0 129 0.0004877  -0.00365455 0.0034657 0.00191811  0 0 0  0 0 0   1 0 0 0  0 0 0  0 0 0
sphere 0 130 0.0004876  -0.00216052 0.00579274 0.0042449  0 0 0  0 0 0   1 0 0 0  0 0 0  0 0 0
sphere 0 131 0.0004875  0.00369544 0.00319246 0.00443167  0 0 0  0 0 0   1 0 0 0  0 0 0  0 0 0
sphere 0 132 0.0004874  0.0025839 0.00354286 -0.00144069  0 0 0  0 0 0   1 0 0 0  0 0 0  0 0 0
sphere 0 133 0.0004873  0.000306893 0.00537859 5.69207e-05  0 0 0  0 0 0   1 0 0 0  0 0 0  0 0 0
sphere 0 134 0.0004872  0.00131768 0.00133659 0.00101474  0 0 0  0 0 0   1 0 0 0  0 0 0  0 0 0
sphere 0 135 0.0004871  -0.00306494 0.00476376 -0.00367716  0 0 0  0 0 0   1 0 0 0  0 0 0  0 0 0
sphere 0 136 0.000487  -0.00290461 0.00474288 0.00234429  0 0 0  0 0 0   1 0 0 0  0 0 0  0 0 0
sphere 0 137 0.0004869  0.00400069 0.00472753 -0.0036043  0 0 0  0 0 0   1 0 0 0  0 0 0  0 0 0
sphere 0 138 0.0004868  0.000325558 0.000958228 0.00436124  0 0 0  0 0 0   1 0 0 0  0 0 0  0 0 0
sphere 0 139 0.0004867  -0.00107206 0.00673638 -0.00301171  0 0 0  0 0 0   1 0 0 0  0 0 0  0 0 0
sphere 0 140 0.0004866  -0.00205742 0.00695396 0.00221783  0 0 0  0 0 0   1 0 0 0  0 0 0  0 0 0
sphere 0 141 0.0004865  -0.00351904 0.00695104 -0.0031955  0 0 0  0 0 0   1 0 0 0  0 0 0  0 0 0
sphere 0 142 0.0004864  -0.00426149 0.00702095 0.00211176  0 0 0  0 0 0   1 0 0 0  0 0 0  0 0 0
sphere 0 143 0.0004863  0.00140905 0.0053804 0.00390841  0 0 0  0 0 0   1 0 0 0  0 0 0  0 0 0
sphere 0 144 0.0004862  -0.00141214 0.00160605 0.00418363  0 0 0  0 0 0   1 0 0 0  0 0 0  0 0 0
sphere 0 145 0.0004861  -0.00347509 0.00212715 -0.00208131  0 0 0  0 0 0   1 0 0 0  0 0 0  0 0 0
sphere 0 146 0.000486  0.000763816 0.00580993 -0.00151964  0 0 0  0 0 0   1 0 0 0  0 0 0  0 0 0
sphere 0 147 0.0004859  -0.00443231 0.00679316 -4.38554e-06  0 0 0  0 0 0   1 0 0 0  0 0 0  0 0 0
sphere 0 148 0.0004858  -0.00259949 0.00307881 0.00440398  0 0 0  0 0 0   1 0 0 0  0 0 0  0 0 0
sphere 0 149 0.0004857  0.00166491 0.0070095 -0.00415254  0 0 0  0 0 0   1 0 0 0  0 0 0  0 0 0
sphere 0 150 0.0004856  -0.00307836 0.00225504 0.00240638  0 0 0  0 0 0   1 0 0 0  0 0 0  0 0 0
sphere 0 151 0.0004855  0.000789375 0.00251807 0.00328732  0 0 0  0 0 0   1 0 0 0  0 0 0  0 0 0
sphere 0 152 0.0004854  0.00451005 0.00416302 0.00222904  0 0 0  0 0 0   1 0 0 0  0 0 0  0 0 0
sphere 0 153 0.0004853  -0.00309191 0.00669661 0.0013371  0 0 0  0 0 0   1 0 0 0  0 0 0  0 0 0
sphere 0 154 0.0004852  -0.00241254 0.00502016 0.000560704  0 0 0  0 0 0   1 0 0 0  0 0 0  0 0 0
sphere 0 155 0.0004851  0.00318491 0.00115019 -0.00296688  0 0 0  0 0 0   1 0 0 0  0 0 0  0 0 0
sphere 0 156 0.000485  0.000170153 0.00297113 -0.00262564  0 0 0  0 0 0   1 0 0 0  0 0 0  0 0 0
sphere 0 157 0.0004849  0.00336588 0.000611384 0.00438041  0 0 0  0 0 0   1 0 0 0  0 0 0  0 0 0
sphere 0 158 0.0004848  0.00296243 0.00613119 0.000478548  0 0 0  0 0 0   1 0 0 0  0 0 0  0 0 0
sphere 0 159 0.0004847  -0.00428638 0.00370245 -0.00437774  0 0 0  0 0 0   1 0 0 0  0 0 0  0 0 0
sphere 0 160 0.0004846  -0.00204217 0.00253259 0.00274882  0 0 0  0 0 0   1 0 0 0  0 0 0  0 0 0
sphere 0 161 0.0004845  -0.00274063 0.0027373 -0.000585443  0 0 0  0 0 0   1 0 0 0  0 0 0  0 0 0
sphere 0 162 0.0004844  -0.00196219 0.000863354 -0.00130389  0 0 0  0 0 0   1 0 0 0  0 0 0  0 0 0
sphere 0 163 0.0004843  0.000605755 0.00667971 -0.0039718  0 0 0  0 0 0   1 0 0 0  0 0 0  0 0 0
sphere 0 164 0.0004842  0.00243264 0.00718909 0.00161735  0 0 0  0 0 0   1 0 0 0  0 0 0  0 0 0
sphere 0 165 0.0004841  0.00259248 0.00713639 0.00390371  0 0 0  0 0 0   1 0 0 0  0 0 0  0 0 0
sphere 0 166 0.000484  0.00267766 0.00507143 0.00305324  0 0 0  0 0 0   1 0 0 0  0 0 0  0 0 0
sphere 0 167 0.0004839  -0.00151238 0.00188538 -0.00436887  0 0 0  0 0 0   1 0 0 0  0 0 0  0 0 0
sphere 0 168 0.0004838  0.00231198 0.00250969 -0.0044929  0 0 0  0 0 0   1 0 0 0  0 0 0  0 0 0
sphere 0 169 0.0004837  -0.00336663 0.000741001 -0.00290106  0 0 0  0 0 0   1 0 0 0  0 0 0  0 0 0
sphere 0 170 0.0004836  -0.00167838 0.00447052 0.00228001  0 0 0  0 0 0   1 0 0 0  0 0 0  0 0 0
sphere 0 171 0.0004835  -0.000839877 0.00403675 0.00203818  0 0 0  0 0 0   1 0 0 0  0 0 0  0 0 0
sphere 0 172 0.0004834  0.00215462 0.00563241 0.00156444  0 0 0  0 0 0   1 0 0 0  0 0 0  0 0 0
sphere 0 173 0.0004833  -0.000417431 0.000555619 0.0013099  0 0 0  0 0 0   1 0 0 0  0 0 0  0 0 0
sphere 0 174 0.0004832  0.000562666 0.00212433 -0.00224082  0 0 0  0 0 0   1 0 0 0  0 0 0  0 0 0
sphere 0 175 0.0004831  -0.000894435 0.000874349 0.00281436  0 0 0  0 0 0   1 0 0 0  0 0 0  0 0 0
sphere 0 176 0.000483  -0.00129213 0.00374904 -0.000453701  0 0 0  0 0 0   1 0 0 0  0 0 0  0 0 0
sphere 0 177 0.0004829  -0.0034222 0.00249796 0.00437089  0 0 0  0 0 0   1 0 0 0  0 0 0  0 0 0
sphere 0 178 0.0004828  0.00420389 0.00518 0.000825163  0 0 0  0 0 0   1 0 0 0  0 0 0  0 0 0
sphere 0 179 0.0004827  0.00420581 0.000984346 -0.000322123  0 0 0  0 0 0   1 0 0 0  0 0 0  0 0 0
sphere 0 180 0.0004826  -0.0044602 0.00210283 -0.0025619  0 0 0  0 0 0   1 0 0 0  0 0 0  0 0 0
sphere 0 181 0.0004825  -0.00366824 0.00642435 -0.00230493  0 0 0  0 0 0   1 0 0 0  0 0 0  0 0 0
sphere 0 182 0.0004824  -0.00296961 0.00339616 0.00335721  0 0 0  0 0 0   1 0 0 0  0 0 0  0 0 0
sphere 0 183 0.0004823  -0.00178235 0.00548689 0.00339853  0 0 0  0 0 0   1 0 0 0  0 0 0  0 0 0
sphere 0 184 0.0004822  0.00388286 0.00183253 0.00373998  0 0 0  0 0 0   1 0 0 0  0 0 0  0 0 0
sphere 0 185 0.0004821  -0.000513069 0.00202871 -0.00418405  0 0 0  0 0 0   1 0 0 0  0 0 0  0 0 0
sphere 0 186 0.000482  -0.00188295 0.00439428 -0.000888489  0 0 0  0 0 0   1 0 0 0  0 0 0  0 0 0
sphere 0 187 0.0004819  -0.00148761 0.00420508 -0.00276648  0 0 0  0 0 0   1 0 0 0  0 0 0  0 0 0
sphere 0 188 0.0004818  6.72049e-05 0.00582877 -0.00433306  0 0 0  0 0 0   1 0 0 0  0 0 0  0 0 0
sphere 0 189 0.0004817  -0.00391076 0.00475099 -0.00448262  0 0 0  0 0 0   1 0 0 0  0 0 0  0 0 0
sphere 0 190 0.0004816  0.00189463 0.00169621 0.00178099  0 0 0  0 0 0   1 0 0 0  0 0 0  0 0 0
sphere 0 191 0.0004815  0.000569822 0.0044961 -0.000918839  0 0 0  0 0 0   1 0 0 0  0 0 0  0 0 0
sphere 0 192 0.0004814  -0.00414626 0.00327183 -0.0013304  0 0 0  0 0 0   1 0 0 0  0 0 0  0 0 0
sphere 0 193 0.0004813  0.00428262 0.00431633 0.00405102  0 0 0  0 0 0   1 0 0 0  0 0 0  0 0 0
sphere 0 194 0.0004812  0.00403522 0.00655284 0.00197358  0 0 0  0 0 0   1 0 0 0  0 0 0  0 0 0
sphere 0 195 0.0004811  0.00420284 0.00708382 -0.00118223  0 0 0  0 0 0   1 0 0 0  0 0 0  0 0 0
sphere 0 196 0.000481  0.00034439 0.0016483 -0.00136643  0 0 0  0 0 0   1 0 0 0  0 0 0  0 0 0
sphere 0 197 0.0004809  -0.00254793 0.00598671 -0.00394612  0 0 0  0 0 0   1 0 0 0  0 0 0  0 0 0
sphere 0 198 0.0004808  0.00257044 0.00492008 -0.00347285  0 0 0  0 0 0   1 0 0 0  0 0 0  0 0 0
sphere 0 199 0.0004807  -0.00446791 0.00109539 -0.00366385  0 0 0  0 0 0   1 0 0 0  0 0 0  0 0 0
sphere 0 200 0.0004806  0.00437769 0.00547633 0.00278859  0 0 0  0 0 0   1 0 0 0  0 0 0  0 0 0
sphere 0 201 0.0004805  -0.000236057 0.00178272 0.00277891  0 0 0  0 0 0   1 0 0 0  0 0 0  0 0 0
sphere 0 202 0.0004804  -0.00445895 0.000670377 0.0016873  0 0 0  0 0 0   1 0 0 0  0 0 0  0 0 0
sphere 0 203 0.0004803  -0.00139621 0.00452384 -0.00421449  0 0 0  0 0 0   1 0 0 0  0 0 0  0 0 0
sphere 0 204 0.0004802  0.00427188 0.000781534 0.00345363  0 0 0  0 0 0   1 0 0 0  0 0 0  0 0 0
sphere 0 205 0.0004801  -0.00113886 0.00536236 -0.000475341  0 0 0  0 0 0   1 0 0 0  0 0 0  0 0 0
sphere 0 206 0.00048  -0.00168796 0.00623059 -0.000843504  0 0 0  0 0 0   1 0 0 0  0 0 0  0 0 0
sphere 0 207 0.0004799  -0.00338242 0.00114062 0.00342884  0 0 0  0 0 0   1 0 0 0  0 0 0  0 0 0
sphere 0 208 0.0004798  0.000432394 0.00344165 -0.00118101  0 0 0  0 0 0   1 0 0 0  0 0 0  0 0 0
sphere 0 209 0.0004797  0.00130608 0.00507522 -0.000302628  0 0 0  0 0 0   1 0 0 0  0 0 0  0 0 0
sphere 0 210 0.0004796  0.00103079 0.00721535 0.00239505  0 0 0  0 0 0   1 0 0 0  0 0 0  0 0 0
sphere 0 211 0.0004795  0.000336366 0.00367934 0.0012314  0 0 0  0 0 0   1 0 0 0  0 0 0  0 0 0
sphere 0 212 0.0004794  0.00321776 0.000608485 -0.00214356  0 0 0  0 0 0   1 0 0 0  0 0 0  0 0 0
sphere 0 213 0.0004793  -0.00446927 0.000501605 0.00434194  0 0 0  0 0 0   1 0 0 0  0 0 0  0 0 0
sphere 0 214 0.0004792  -0.000130064 0.00507826 0.00405955  0 0 0  0 0 0   1 0 0 0  0 0 0  0 0 0
sphere 0 215 0.0004791  0.00102342 0.00160443 -0.000598466  0 0 0  0 0 0   1 0 0 0  0 0 0  0 0 0
sphere 0 216 0.000479  -0.00435195 0.00558686 -0.00178671  0 0 0  0 0 0   1 0 0 0  0 0 0  0 0 0
sphere 0 217 0.0004789  -1.03735e-05 0.00456377 0.00218377  0 0 0  0 0 0   1 0 0 0  0 0 0  0 0 0
sphere 0 218 0.0004788  -0.00282572 0.00508393 -0.00244022  0 0 0  0 0 0   1 0 0 0  0 0 0  0 0 0
sphere 0 219 0.0004787  -0.00256449 0.00328482 0.000274145  0 0 0  0 0 0   1 0 0 0  0 0 0  0 0 0
sphere 0 220 0.0004786  -0.00253611 0.00696382 -0.00447394  0 0 0  0 0 0   1 0 0 0  0 0 0  0 0 0
sphere 0 221 0.0004785  -0.000560935 0.00396353 -0.00399905  0 0 0  0 0 0   1 0 0 0  0 0 0  0 0 0
sphere 0 222 0.0004784  0.0041737 0.00139667 -0.00263983  0 0 0  0 0 0   1 0 0 0  0 0 0  0 0 0
sphere 0 223 0.0004783  -0.00143943 0.00538388 -0.00339712  0 0 0  0 0 0   1 0 0 0  0 0 0  0 0 0
sphere 0 224 0.0004782  0.00115296 0.00247221 -0.00107608  0 0 0  0 0 0   1 0 0 0  0 0 0  0 0 0
sphere 0 225 0.0004781  0.00246894 0.000623723 0.00153923  0 0 0  0 0 0   1 0 0 0  0 0 0  0 0 0
sphere 0 226 0.000478  -0.000606891 0.000573908 -0.000125696  0 0 0  0 0 0   1 0 0 0  0 0 0  0 0 0
sphere 0 227 0.0004779  -0.00147867 0.00170325 -0.00147509  0 0 0  0 0 0   1 0 0 0  0 0 0  0 0 0
sphere 0 228 0.0004778  0.00244386 0.00549068 -0.00169377  0 0 0  0 0 0   1 0 0 0  0 0 0  0 0 0
sphere 0 229 0.0004777  0.00200892 0.00402792 0.00424717  0 0 0  0 0 0   1 0 0 0  0 0 0  0 0 0
sphere 0 230 0.0004776  0.00201108 0.00634003 0.0043349  0 0 0  0 0 0   1 0 0 0  0 0 0  0 0 0
sphere 0 231 0.0004775  -0.00270547 0.0039269 0.00154812  0 0 0  0 0 0   1 0 0 0  0 0 0  0 0 0
sphere 0 232 0.0004774  -0.0029339 0.00123889 -0.00036913  0 0 0  0 0 0   1 0 0 0  0 0 0  0 0 0
sphere 0 233 0.0004773  -0.00357526 0.00674097 0.00352447  0 0 0  0 0 0   1 0 0 0  0 0 0  0 0 0
sphere 0 234 0.0004772  -0.0039075 0.00686697 -0.00140454  0 0 0  0 0 0   1 0 0 0  0 0 0  0 0 0
sphere 0 235 0.0004771  0.000825934 0.00495748 -0.00371849  0 0 0  0 0 0   1 0 0 0  0 0 0  0 0 0
sphere 0 236 0.000477  0.000853721 0.00239718 -0.00432515  0 0 0  0 0 0   1 0 0 0  0 0 0  0 0 0
sphere 0 237 0.0004769  -0.00170454 0.00715225 -0.000369773  0 0 0  0 0 0   1 0 0 0  0 0 0  0 0 0
sphere 0 238 0.0004768  0.00398534 0.00679466 0.0042965  0 0 0  0 0 0   1 0 0 0  0 0 0  0 0 0
sphere 0 239 0.0004767  -0.00366681 0.00145878 0.00139119  0 0 0  0 0 0   1 0 0 0  0 0 0  0 0 0
sphere 0 240 0.0004766  -0.00192485 0.00711252 0.0012712  0 0 0  0 0 0   1 0 0 0  0 0 0  0 0 0
sphere 0 241 0.0004765  0.00198003 0.00206482 0.00387046  0 0 0  0 0 0   1 0 0 0  0 0 0  0 0 0
sphere 0 242 0.0004764  -0.00430558 0.00138061 0.00390433  0 0 0  0 0 0   1 0 0 0  0 0 0  0 0 0
sphere 0 243 0.0004763  -0.00161458 0.00188033 -0.000343288  0 0 0  0 0 0   1 0 0 0  0 0 0  0 0 0
sphere 0 244 0.0004762  -0.000165958 0.00725531 -0.00258766  0 0 0  0 0 0   1 0 0 0  0 0 0  0 0 0
sphere 0 245 0.0004761  0.00439542 0.00626812 -0.00446194  0 0 0  0 0 0   1 0 0 0  0 0 0  0 0 0
sphere 0 246 0.000476  0.00157794 0.00708871 -0.000422393  0 0 0  0 0 0   1 0 0 0  0 0 0  0 0 0
sphere 0 247 0.0004759  0.00436147 0.00604685 -0.00161844  0 0 0  0 0 0   1 0 0 0  0 0 0  0 0 0
sphere 0 248 0.0004758  -0.00277017 0.0016055 -0.00154576  0 0 0  0 0 0   1 0 0 0  0 0 0  0 0 0
sphere 0 249 0.0004757  0.00451882 0.00274615 0.00337256  0 0 0  0 0 0   1 0 0 0  0 0 0  0 0 0
sphere 0 250 0.0004756  -0.000951137 0.000792086 -0.00138546  0 0 0  0 0 0   1 0 0 0  0 0 0  0 0 0
sphere 0 251 0.0004755  0.000473704 0.000633345 -0.000706177  0 0 0  0 0 0   1 0 0 0  0 0 0  0 0 0
sphere 0 252 0.0004754  -0.00360139 0.0039591 0.00428874  0 0 0  0 0 0   1 0 0 0  0 0 0  0 0 0
sphere 0 253 0.0004753  0.000228751 0.00576605 0.00117564  0 0 0  0 0 0   1 0 0 0  0 0 0  0 0 0
sphere 0 254 0.0004752  -0.000228215 0.000617628 0.00358694  0 0 0  0 0 0   1 0 0 0  0 0 0  0 0 0
sphere 0 255 0.0004751  -0.0022562 0.00156747 0.00229113  0 0 0  0 0 0   1 0 0 0  0 0 0  0 0 0
sphere 0 256 0.000475  -0.00446496 0.00362976 0.00279941  0 0 0  0 0 0   1 0 0 0  0 0 0  0 0 0
sphere 0 257 0.0004749  0.000821481 0.00112864 0.0033858  0 0 0  0 0 0   1 0 0 0  0 0 0  0 0 0
sphere 0 258 0.0004748  -0.00311088 0.00269093 -0.00307757  0 0 0  0 0 0   1 0 0 0  0 0 0  0 0 0
sphere 0 259 0.0004747  0.0028277 0.00581172 -0.00252583  0 0 0  0 0 0   1 0 0 0  0 0 0  0 0 0
sphere 0 260 0.0004746  0.00130859 0.00638521 0.00341254  0 0 0  0 0 0   1 0 0 0  0 0 0  0 0 0
sphere 0 261 0.0004745  -0.000932274 0.00439753 0.00311957  0 0 0  0 0 0   1 0 0 0  0 0 0  0 0 0
sphere 0 262 0.0004744  -0.000401237 0.00460869 -0.00157531  0 0 0  0 0 0   1 0 0 0  0 0 0  0 0 0
sphere 0 263 0.0004743  0.00368601 0.00708999 -0.00384491  0 0 0  0 0 0   1 0 0 0  0 0 0  0 0 0
sphere 0 264 0.0004742  0.00150483 0.00432679 -0.00330661  0 0 0  0 0 0   1 0 0 0  0 0 0  0 0 0
sphere 0 265 0.0004741  -0.000302548 0.00305174 -0.00410662  0 0 0  0 0 0   1 0 0 0  0 0 0  0 0 0
sphere 0 266 0.000474  0.00346772 0.00275763 0.000523866  0 0 0  0 0 0   1 0 0 0  0 0 0  0 0 0
sphere 0 267 0.0004739  0.00223673 0.00692471 0.00053505  0 0 0  0 0 0   1 0 0 0  0 0 0  0 0 0
sphere 0 268 0.0004738  0.00245203 0.00646768 -0.000532245  0 0 0  0 0 0   1 0 0 0  0 0 0  0 0 0
sphere 0 269 0.0004737  0.000795233 0.00236134 -0.00318033  0 0 0  0 0 0   1 0 0 0  0 0 0  0 0 0
sphere 0 270 0.0004736  0.00112615 0.00291929 0.00209673  0 0 0  0 0 0   1 0 0 0  0 0 0  0 0 0
sphere 0 271 0.0004735  -0.000592814 0.0030987 0.000436202  0 0 0  0 0 0   1 0 0 0  0 0 0  0 0 0
sphere 0 272 0.0004734  0.00327545 0.00401253 0.00404427  0 0 0  0 0 0   1 0 0 0  0 0 0  0 0 0
sphere 0 273 0.0004733  0.00228579 0.0013705 0.000417954  0 0 0  0 0 0   1 0 0 0  0 0 0  0 0 0
sphere 0 274 0.0004732  -0.00384009 0.00278782 0.000518569  0 0 0  0 0 0   1 0 0 0  0 0 0  0 0 0
sphere 0 275 0.0004731  0.00222647 0.00710058 -0.00266949  0 0 0  0 0 0   1 0 0 0  0 0 0  0 0 0
sphere 0 276 0.000473  0.00433129 0.00415166 0.0010648  0 0 0  0 0 0   1 0 0 0  0 0 0  0 0 0
sphere 0 277 0.0004729  0.00161667 0.00163585 -0.00296784  0 0 0  0 0 0   1 0 0 0  0 0 0  0 0 0
sphere 0 278 0.0004728  -0.00205281 0.0010372 -0.00384135  0 0 0  0 0 0   1 0 0 0  0 0 0  0 0 0
sphere 0 279 0.0004727  -0.00170602 0.0045288 0.0012403  0 0 0  0 0 0   1 0 0 0  0 0 0  0 0 0
sphere 0 280 0.0004726  -0.0043876 0.00432405 0.00106962  0 0 0  0 0 0   1 0 0 0  0 0 0  0 0 0
sphere 0 281 0.0004725  0.00283181 0.00498714 0.000509203  0 0 0  0 0 0   1 0 0 0  0 0 0  0 0 0
sphere 0 282 0.0004724  0.000161869 0.00690959 0.00307098  0 0 0  0 0 0   1 0 0 0  0 0 0  0 0 0
sphere 0 283 0.0004723  -0.0032153 0.00716208 0.000221697  0 0 0  0 0 0   1 0 0 0  0 0 0  0 0 0
sphere 0 284 0.0004722  0.00100531 0.00229119 0.000887343  0 0 0  0 0 0   1 0 0 0  0 0 0  0 0 0
sphere 0 285 0.0004721  -0.00308257 0.00322187 -0.00452503  0 0 0  0 0 0   1 0 0 0  0 0 0  0 0 0
sphere 0 286 0.000472  -0.00149831 0.00103201 7.71509e-05  0 0 0  0 0 0   1 0 0 0  0 0 0  0 0 0
sphere 0 287 0.0004719  -0.00284413 0.000486736 -0.00110481  0 0 0  0 0 0   1 0 0 0  0 0 0  0 0 0
sphere 0 288 0.0004718  -0.00165725 0.00341323 -0.00442314  0 0 0  0 0 0   1 0 0 0  0 0 0  0 0 0
sphere 0 289 0.0004717  -0.00279084 0.00408665 -0.000298682  0 0 0  0 0 0   1 0 0 0  0 0 0  0 0 0
sphere 0 290 0.0004716  -0.00105839 0.00365972 0.00436879  0 0 0  0 0 0   1 0 0 0  0 0 0  0 0 0
sphere 0 291 0.0004715  0.00353776 0.00689878 0.00119222  0 0 0  0 0 0   1 0 0 0  0 0 0  0 0 0
sphere 0 292 0.0004714  -0.00234076 0.00163178 0.00443322  0 0 0  0 0 0   1 0 0 0  0 0 0  0 0 0
sphere 0 293 0.0004713  0.00179667 0.00432215 -0.000667542  0 0 0  0 0 0   1 0 0 0  0 0 0  0 0 0
sphere 0 294 0.0004712  0.00198983 0.00550073 0.000455615  0 0 0  0 0 0   1 0 0 0  0 0 0  0 0 0
sphere 0 295 0.0004711  0.0029132 0.00162707 0.00427225  0 0 0  0 0 0   1 0 0 0  0 0 0  0 0 0
sphere 0 296 0.000471  0.00118119 0.00604088 -0.000234203  0 0 0  0 0 0   1 0 0 0  0 0 0  0 0 0
sphere 0 297 0.0004709  -0.000350398 0.00185627 0.00378057  0 0 0  0 0 0   1 0 0 0  0 0 0  0 0 0
sphere 0 298 0.0004708  -0.00358271 0.00223339 -0.000818861  0 0 0  0 0 0   1 0 0 0  0 0 0  0 0 0
sphere 0 299 0.0004707  0.0013448 0.00561732 0.00263929  0 0 0  0 0 0   1 0 0 0  0 0 0  0 0 0
sphere 0 300 0.0004706  0.00224049 0.00371517 0.00122504  0 0 0  0 0 0   1 0 0 0  0 0 0  0 0 0
sphere 0 301 0.0004705  0.00183976 0.00714809 0.00313654  0 0 0  0 0 0   1 0 0 0  0 0 0  0 0 0
sphere 0 302 0.0004704  -0.000516169 0.00105402 -0.00264742  0 0 0  0 0 0   1 0 0 0  0 0 0  0 0 0
sphere 0 303 0.0004703  -0.00452129 0.000602771 0.00288481  0 0 0  0 0 0   1 0 0 0  0 0 0  0 0 0
sphere 0 304 0.0004702  0.00396874 0.000790603 -0.00363892  0 0 0  0 0 0   1 0 0 0  0 0 0  0 0 0
sphere 0 305 0.0004701  -0.00351938 0.000543787 -0.00390175  0 0 0  0 0 0   1 0 0 0  0 0 0  0 0 0
sphere 0 306 0.00047  0.000187907 0.00470644 -0.0044809  0 0 0  0 0 0   1 0 0 0  0 0 0  0 0 0
sphere 0 307 0.0004699  0.00156805 0.00299433 0.0041481  0 0 0  0 0 0   1 0 0 0  0 0 0  0 0 0
sphere 0 308 0.0004698  -0.000834131 0.0062851 -0.00449114  0 0 0  0 0 0   1 0 0 0  0 0 0  0 0 0
sphere 0 309 0.0004697  -0.00240728 0.00330845 -0.00360597  0 0 0  0 0 0   1 0 0 0  0 0 0  0 0 0
sphere 0 310 0.0004696  -0.00394113 0.00445274 0.00313391  0 0 0  0 0 0   1 0 0 0  0 0 0  0 0 0
sphere 0 311 0.0004695  0.00175202 0.00536868 -0.00427197  0 0 0  0 0 0   1 0 0 0  0 0 0  0 0 0
sphere 0 312 0.0004694  -0.00145887 0.00723675 -0.00156559  0 0 0  0 0 0   1 0 0 0  0 0 0  0 0 0
sphere 0 313 0.0004693  0.00094066 0.0018396 0.00447716  0 0 0  0 0 0   1 0 0 0  0 0 0  0 0 0
sphere 0 314 0.0004692  -0.00432085 0.00274677 0.00206015  0 0 0  0 0 0   1 0 0 0  0 0 0  0 0 0
sphere 0 315 0.0004691  -0.00439782 0.00622023 -0.000861965  0 0 0  0 0 0   1 0 0 0  0 0 0  0 0 0
sphere 0 316 0.000469  -0.00358551 0.00375137 0.000959776  0 0 0  0 0 0   1 0 0 0  0 0 0  0 0 0
sphere 0 317 0.0004689  -0.00375674 0.00536655 0.00153945  0 0 0  0 0 0   1 0 0 0  0 0 0  0 0 0
sphere 0 318 0.0004688  -0.000824236 0.00673319 0.00270777  0 0 0  0 0 0   1 0 0 0  0 0 0  0 0 0
sphere 0 319 0.0004687  0.00451044 0.00509184 -0.00219208  0 0 0  0 0 0   1 0 0 0  0 0 0  0 0 0
sphere 0 320 0.0004686  0.00210474 0.00218156 -0.000972184  0 0 0  0 0 0   1 0 0 0  0 0 0  0 0 0
sphere 0 321 0.0004685  0.00360238 0.0062402 -0.000696542  0 0 0  0 0 0   1 0 0 0  0 0 0  0 0 0
sphere 0 322 0.0004684  -0.00423089 0.00438541 0.0020182  0 0 0  0 0 0   1 0 0 0  0 0 0  0 0 0
sphere 0 323 0.0004683  -0.00350409 0.00636618 -0.000259194  0 0 0  0 0 0   1 0 0 0  0 0 0  0 0 0
sphere 0 324 0.0004682  0.000177868 0.00447916 0.00326433  0 0 0  0 0 0   1 0 0 0  0 0 0  0 0 0
sphere 0 325 0.0004681  0.00137845 0.000593441 0.00231978  0 0 0  0 0 0   1 0 0 0  0 0 0  0 0 0
sphere 0 326 0.000468  0.00309892 0.00235389 -0.000323926  0 0 0  0 0 0   1 0 0 0  0 0 0  0 0 0
sphere 0 327 0.0004679  0.00362263 0.00641153 -0.00280966  0 0 0  0 0 0   1 0 0 0  0 0 0  0 0 0
sphere 0 328 0.0004678  0.00329064 0.00424748 0.00274771  0 0 0  0 0 0   1 0 0 0  0 0 0  0 0 0
sphere 0 329 0.0004677  -0.00450716 0.00191159 -0.00110762  0 0 0  0 0 0   1 0 0 0  0 0 0  0 0 0
sphere 0 330 0.0004676  0.00444556 0.00681509 0.00279073  0 0 0  0 0 0   1 0 0 0  0 0 0  0 0 0
sphere 0 331 0.0004675  0.00128881 0.00367455 -0.00246629  0 0 0  0 0 0   1 0 0 0  0 0 0  0 0 0
sphere 0 332 0.0004674  0.00450024 0.00120801 0.00437999  0 0 0  0 0 0   1 0 0 0  0 0 0  0 0 0
sphere 0 333 0.0004673  -0.000488705 0.00228364 -0.00293256  0 0 0  0 0 0   1 0 0 0  0 0 0  0 0 0
sphere 0 334 0.0004672  0.00289862 0.00185394 -0.00237846  0 0 0  0 0 0   1 0 0 0  0 0 0  0 0 0
sphere 0 335 0.0004671  0.00241839 0.0045433 -0.00185128  0 0 0  0 0 0   1 0 0 0  0 0 0  0 0 0
sphere 0 336 0.000467  -0.00125619 0.00487393 0.00443883  0 0 0  0 0 0   1 0 0 0  0 0 0  0 0 0
sphere 0 337 0.0004669  -0.00451316 0.00188741 0.00270927  0 0 0  0 0 0   1 0 0 0  0 0 0  0 0 0
sphere 0 338 0.0004668  -0.000427596 0.00449384 -0.00310832  0 0 0  0 0 0   1 0 0 0  0 0 0  0 0 0
sphere 0 339 0.0004667  -0.00093464 0.00625055 -0.00158495  0 0 0  0 0 0   1 0 0 0  0 0 0  0 0 0
sphere 0 340 0.0004666  0.00265558 0.00479906 0.00152961  0 0 0  0 0 0   1 0 0 0  0 0 0  0 0 0
sphere 0 341 0.0004665  0.00414071 0.00403903 0.00311125  0 0 0  0 0 0   1 0 0 0  0 0 0  0 0 0
sphere 0 342 0.0004664  0.0040037 0.00571669 0.00416182  0 0 0  0 0 0   1 0 0 0  0 0 0  0 0 0
sphere 0 343 0.0004663  3.64093e-05 0.00148464 -0.00350044  0 0 0  0 0 0   1 0 0 0  0 0 0  0 0 0
sphere 0 344 0.0004662  -0.00291239 0.00575854 -0.00309932  0 0 0  0 0 0   1 0 0 0  0 0 0  0 0 0
sphere 0 345 0.0004661  -0.00433681 0.00723887 0.00408249  0 0 0  0 0 0   1 0 0 0  0 0 0  0 0 0
sphere 0 346 0.000466  0.00445603 0.00242577 -0.00449615  0 0 0  0 0 0   1 0 0 0  0 0 0  0 0 0
sphere 0 347 0.0004659  0.00265938 0.00697705 -0.00349364  0 0 0  0 0 0   1 0 0 0  0 0 0  0 0 0
sphere 0 348 0.0004658  0.00313263 0.00630991 0.00370342  0 0 0  0 0 0   1 0 0 0  0 0 0  0 0 0
sphere 0 349 0.0004657  -0.00285834 0.000470358 0.00285483  0 0 0  0 0 0   1 0 0 0  0 0 0  0 0 0
sphere 0 350 0.0004656  -0.000916168 0.00722195 0.00436657  0 0 0  0 0 0   1 0 0 0  0 0 0  0 0 0
sphere 0 351 0.0004655  0.000399068 0.0027502 0.00433608  0 0 0  0 0 0   1 0 0 0  0 0 0  0 0 0
sphere 0 352 0.0004654  -0.00217903 0.00232708 -0.00169254  0 0 0  0 0 0   1 0 0 0  0 0 0  0 0 0
sphere 0 353 0.0004653  -0.00127695 0.00315571 -0.00196334  0 0 0  0 0 0   1 0 0 0  0 0 0  0 0 0
sphere 0 354 0.0004652  -0.00170315 0.00663969 -0.00393158  0 0 0  0 0 0   1 0 0 0  0 0 0  0 0 0
sphere 0 355 0.0004651  0.00101203 0.00726604 0.00428894  0 0 0  0 0 0   1 0 0 0  0 0 0  0 0 0
sphere 0 356 0.000465  0.0025966 0.000519509 -0.00134637  0 0 0  0 0 0   1 0 0 0  0 0 0  0 0 0
sphere 0 357 0.0004649  0.00300119 0.00231112 -0.00366354  0 0 0  0 0 0   1 0 0 0  0 0 0  0 0 0
sphere 0 358 0.0004648  0.000631692 0.0063188 0.00198601  0 0 0  0 0 0   1 0 0 0  0 0 0  0 0 0
sphere 0 359 0.0004647  -1.53921e-05 0.000478404 -0.00162245  0 0 0  0 0 0   1 0 0 0  0 0 0  0 0 0
sphere 0 360 0.0004646  -0.000990968 0.00339923 -0.0030896  0 0 0  0 0 0   1 0 0 0  0 0 0  0 0 0
sphere 0 361 0.0004645  -0.0044781 0.00294749 -0.000452022  0 0 0  0 0 0   1 0 0 0  0 0 0  0 0 0
sphere 0 362 0.0004644  -0.000655885 0.0072562 -0.000121036  0 0 0  0 0 0   1 0 0 0  0 0 0  0 0 0
sphere 0 363 0.0004643  0.00177467 0.00321428 -0.000672693  0 0 0  0 0 0   1 0 0 0  0 0 0  0 0 0
sphere 0 364 0.0004642  -0.000705324 0.00543315 0.00283686  0 0 0  0 0 0   1 0 0 0  0 0 0  0 0 0
sphere 0 365 0.0004641  0.00184723 0.00150423 -0.00424636  0 0 0  0 0 0   1 0 0 0  0 0 0  0 0 0
sphere 0 366 0.000464  -0.00296808 0.00547899 -0.000453128  0 0 0  0 0 0   1 0 0 0  0 0 0  0 0 0
sphere 0 367 0.0004639  0.00452029 0.00171048 0.00226943  0 0 0  0 0 0   1 0 0 0  0 0 0  0 0 0
sphere 0 368 0.0004638  3.15011e-06 0.00357037 0.00256652  0 0 0  0 0 0   1 0 0 0  0 0 0  0 0 0
sphere 0 369 0.0004637  0.00355806 0.00552615 -0.00317232  0 0 0  0 0 0   1 0 0 0  0 0 0  0 0 0
sphere 0 370 0.0004636  0.000291053 0.000813936 -0.00453209  0 0 0  0 0 0   1 0 0 0  0 0 0  0 0 0
sphere 0 371 0.0004635  -0.00191247 0.002242 0.00168741  0 0 0  0 0 0   1 0 0 0  0 0 0  0 0 0
sphere 0 372 0.0004634  -0.00150568 0.00463325 0.000211846  0 0 0  0 0 0   1 0 0 0  0 0 0  0 0 0
sphere 0 373 0.0004633  0.00184324 0.00125052 0.00452137  0 0 0  0 0 0   1 0 0 0  0 0 0  0 0 0
sphere 0 374 0.0004632  -0.0012496 0.00178257 0.0026986  0 0 0  0 0 0   1 0 0 0  0 0 0  0 0 0
sphere 0 375 0.0004631  -0.00438888 0.00186131 9.47535e-05  0 0 0  0 0 0   1 0 0 0  0 0 0  0 0 0
sphere 0 376 0.000463  -0.00153239 0.00355434 0.000716608  0 0 0  0 0 0   1 0 0 0  0 0 0  0 0 0
sphere 0 377 0.0004629  0.000609482 0.00381246 0.00438569  0 0 0  0 0 0   1 0 0 0  0 0 0  0 0 0
sphere 0 378 0.0004628  -6.37303e-05 0.0054046 -0.00310517  0 0 0  0 0 0   1 0 0 0  0 0 0  0 0 0
sphere 0 379 0.0004627  -0.00109879 0.00244965 0.00375344  0 0 0  0 0 0   1 0 0 0  0 0 0  0 0 0
sphere 0 380 0.0004626  0.00444027 0.00361751 -0.00229875  0 0 0  0 0 0   1 0 0 0  0 0 0  0 0 0
sphere 0 381 0.0004625  0.00332054 0.00319253 -0.00214354  0 0 0  0 0 0   1 0 0 0  0 0 0  0 0 0
sphere 0 382 0.0004624  0.00442336 0.00430958 -0.00012179  0 0 0  0 0 0   1 0 0 0  0 0 0  0 0 0
sphere 0 383 0.0004623  0.00453357 0.0032724 -0.000665397  0 0 0  0 0 0   1 0 0 0  0 0 0  0 0 0
sphere 0 384 0.0004622  0.00175764 0.00635784 0.00210486  0 0 0  0 0 0   1 0 0 0  0 0 0  0 0 0
sphere 0 385 0.0004621  -0.00434785 0.00293325 -0.00341123  0 0 0  0 0 0   1 0 0 0  0 0 0  0 0 0
sphere 0 386 0.000462  -0.00449863 0.00277209 0.00446299  0 0 0  0 0 0   1 0 0 0  0 0 0  0 0 0
sphere 0 387 0.0004619  0.00073318 0.00698261 -0.00120158  0 0 0  0 0 0   1 0 0 0  0 0 0  0 0 0
sphere 0 388 0.0004618  -0.00265661 0.00070608 0.00430773  0 0 0  0 0 0   1 0 0 0  0 0 0  0 0 0
sphere 0 389 0.0004617  -0.00154188 0.00722304 0.00340988  0 0 0  0 0 0   1 0 0 0  0 0 0  0 0 0
sphere 0 390 0.0004616  0.00437594 0.00519568 -0.000561379  0 0 0  0 0 0   1 0 0 0  0 0 0  0 0 0
sphere 0 391 0.0004615  0.00221853 0.00399053 -0.0043012  0 0 0  0 0 0   1 0 0 0  0 0 0  0 0 0
sphere 0 392 0.0004614  -0.00227708 0.000524174 0.000869691  0 0 0  0 0 0   1 0 0 0  0 0 0  0 0 0
sphere 0 393 0.0004613  0.00132754 0.00194253 0.00264822  0 0 0  0 0 0   1 0 0 0  0 0 0  0 0 0
sphere 0 394 0.0004612  0.0030928 0.00437476 -0.00450959  0 0 0  0 0 0   1 0 0 0  0 0 0  0 0 0
sphere 0 395 0.0004611  0.00141386 0.00317811 0.00111106  0 0 0  0 0 0   1 0 0 0  0 0 0  0 0 0
sphere 0 396 0.000461  -0.00300621 0.00557088 0.00358257  0 0 0  0 0 0   1 0 0 0  0 0 0  0 0 0
sphere 0 397 0.0004609  -0.00437838 0.00453815 0.00420722  0 0 0  0 0 0   1 0 0 0  0 0 0  0 0 0
sphere 0 398 0.0004608  0.00450231 0.000981731 -0.00449818  0 0 0  0 0 0   1 0 0 0  0 0 0  0 0 0
sphere 0 399 0.0004607  -0.00199278 0.000619153 0.00175988  0 0 0  0 0 0   1 0 0 0  0 0 0  0 0 0
sphere 0 400 0.0004606  0.00333277 0.00565459 0.00120832  0 0 0  0 0 0   1 0 0 0  0 0 0  0 0 0
sphere 0 401 0.0004605  0.00126015 0.000555274 4.88192e-05  0 0 0  0 0 0   1 0 0 0  0 0 0  0 0 0
sphere 0 402 0.0004604  0.0013237 0.000527498 0.0042105  0 0 0  0 0 0   1 0 0 0  0 0 0  0 0 0
sphere 0 403 0.0004603  -0.00201145 0.0023226 -0.00348536  0 0 0  0 0 0   1 0 0 0  0 0 0  0 0 0
sphere 0 404 0.0004602  -0.0025424 0.00381388 -0.00280049  0 0 0  0 0 0   1 0 0 0  0 0 0  0 0 0
sphere 0 405 0.0004601  0.00214597 0.00621726 -0.00323689  0 0 0  0 0 0   1 0 0 0  0 0 0  0 0 0
sphere 0 406 0.00046  -0.0032529 0.0062316 -0.001159  0 0 0  0 0 0   1 0 0 0  0 0 0  0 0 0
sphere 0 407 0.0004599  0.00286717 0.00454651 -0.00101901  0 0 0  0 0 0   1 0 0 0  0 0 0  0 0 0
sphere 0 408 0.0004598  -0.00225451 0.0050471 -0.00423435  0 0 0  0 0 0   1 0 0 0  0 0 0  0 0 0
sphere 0 409 0.0004597  0.00293224 0.00719748 -0.00019667  0 0 0  0 0 0   1 0 0 0  0 0 0  0 0 0
sphere 0 410 0.0004596  0.00337511 0.00534395 0.00234167  0 0 0  0 0 0   1 0 0 0  0 0 0  0 0 0
sphere 0 411 0.0004595  -0.00445333 0.00442413 -0.000335486  0 0 0  0 0 0   1 0 0 0  0 0 0  0 0 0
sphere 0 412 0.0004594  -0.00326624 0.00075738 0.000500832  0 0 0  0 0 0   1 0 0 0  0 0 0  0 0 0
sphere 0 413 0.0004593  -0.000701057 0.00528816 -0.00399092  0 0 0  0 0 0   1 0 0 0  0 0 0  0 0 0
sphere 0 414 0.0004592  0.00447456 0.002492 -0.0029659  0 0 0  0 0 0   1 0 0 0  0 0 0  0 0 0
sphere 0 415 0.0004591  0.0026684 0.00727498 0.00259424  0 0 0  0 0 0   1 0 0 0  0 0 0  0 0 0
sphere 0 416 0.000459  -0.00203019 0.00217642 0.00362321  0 0 0  0 0 0   1 0 0 0  0 0 0  0 0 0
sphere 0 417 0.0004589  -0.00128939 0.00298719 0.00191767  0 0 0  0 0 0   1 0 0 0  0 0 0  0 0 0
sphere 0 418 0.0004588  -0.0018634 0.00600622 -0.00243697  0 0 0  0 0 0   1 0 0 0  0 0 0  0 0 0
sphere 0 419 0.0004587  -0.00117669 0.00269991 -0.00397068  0 0 0  0 0 0   1 0 0 0  0 0 0  0 0 0
sphere 0 420 0.0004586  0.00452131 0.00400853 -0.00421905  0 0 0  0 0 0   1 0 0 0  0 0 0  0 0 0
sphere 0 421 0.0004585  -0.00320532 0.00228352 0.00346209  0 0 0  0 0 0   1 0 0 0  0 0 0  0 0 0
sphere 0 422 0.0004584  -0.000353409 0.00167053 0.000718  0 0 0  0 0 0   1 0 0 0  0 0 0  0 0 0
sphere 0 423 0.0004583  -0.00321837 0.0035211 -0.000981478  0 0 0  0 0 0   1 0 0 0  0 0 0  0 0 0
sphere 0 424 0.0004582  -0.00214435 0.00717164 -0.00320621  0 0 0  0 0 0   1 0 0 0  0 0 0  0 0 0
sphere 0 425 0.0004581  0.00285898 0.000507807 1.22456e-05  0 0 0  0 0 0   1 0 0 0  0 0 0  0 0 0
sphere 0 426 0.000458  -0.00174195 0.000510936 -0.00290252  0 0 0  0 0 0   1 0 0 0  0 0 0  0 0 0
sphere 0 427 0.0004579  0.00314654 0.00273803 0.00191476  0 0 0  0 0 0   1 0 0 0  0 0 0  0 0 0
sphere 0 428 0.0004578  0.00181786 0.00455773 0.00329609  0 0 0  0 0 0   1 0 0 0  0 0 0  0 0 0
sphere 0 429 0.0004577  -0.00114152 0.000520878 0.00382534  0 0 0  0 0 0   1 0 0 0  0 0 0  0 0 0
sphere 0 430 0.0004576  -0.00242177 0.00675483 -0.00130397  0 0 0  0 0 0   1 0 0 0  0 0 0  0 0 0
sphere 0 431 0.0004575  0.000441621 0.00706847 4.67358e-05  0 0 0  0 0 0   1 0 0 0  0 0 0  0 0 0
sphere 0 432 0.0004574  0.00430899 0.00321771 0.00098259  0 0 0  0 0 0   1 0 0 0  0 0 0  0 0 0
sphere 0 433 0.0004573  -0.00399396 0.000750083 -0.00106608  0 0 0  0 0 0   1 0 0 0  0 0 0  0 0 0
sphere 0 434 0.0004572  0.00236205 0.00606959 0.00318445  0 0 0  0 0 0   1 0 0 0  0 0 0  0 0 0
sphere 0 435 0.0004571  -0.00296926 0.00656168 0.00443663  0 0 0  0 0 0   1 0 0 0  0 0 0  0 0 0
sphere 0 436 0.000457  0.00174717 0.00260078 -0.00350917  0 0 0  0 0 0   1 0 0 0  0 0 0  0 0 0
sphere 0 437 0.0004569  0.00292298 0.00201705 0.00112115  0 0 0  0 0 0   1 0 0 0  0 0 0  0 0 0
sphere 0 438 0.0004568  -0.000816412 0.00712633 0.00119242  0 0 0  0 0 0   1 0 0 0  0 0 0  0 0 0
sphere 0 439 0.0004567  -0.00286543 0.00429767 -0.0045197  0 0 0  0 0 0   1 0 0 0  0 0 0  0 0 0
sphere 0 440 0.0004566  -0.00300559 0.00515592 0.00444005  0 0 0  0 0 0   1 0 0 0  0 0 0  0 0 0
sphere 0 441 0.0004565  -0.00241718 0.00134196 0.00342134  0 0 0  0 0 0   1 0 0 0  0 0 0  0 0 0
sphere 0 442 0.0004564  0.00206394 0.000598208 -0.00333493  0 0 0  0 0 0   1 0 0 0  0 0 0  0 0 0
sphere 0 443 0.0004563  0.00185455 0.00354213 0.00284307  0 0 0  0 0 0   1 0 0 0  0 0 0  0 0 0
sphere 0 444 0.0004562  -0.00291621 0.00559021 0.0011207  0 0 0  0 0 0   1 0 0 0  0 0 0  0 0 0
sphere 0 445 0.0004561  0.00453057 0.00554584 -0.00360858  0 0 0  0 0 0   1 0 0 0  0 0 0  0 0 0
sphere 0 446 0.000456  -0.00314181 0.00719842 0.00246451  0 0 0  0 0 0   1 0 0 0  0 0 0  0 0 0
sphere 0 447 0.0004559  0.000756241 0.000574561 0.00130162  0 0 0  0 0 0   1 0 0 0  0 0 0  0 0 0
sphere 0 448 0.0004558  0.000287427 0.00223277 4.91066e-05  0 0 0  0 0 0   1 0 0 0  0 0 0  0 0 0
sphere 0 449 0.0004557  -0.00364107 0.00170058 -0.00327598  0 0 0  0 0 0   1 0 0 0  0 0 0  0 0 0
sphere 0 450 0.0004556  0.000882962 0.00425957 -3.04434e-05  0 0 0  0 0 0   1 0 0 0  0 0 0  0 0 0
sphere 0 451 0.0004555  -0.00376525 0.00261218 -0.004151  0 0 0  0 0 0   1 0 0 0  0 0 0  0 0 0
sphere 0 452 0.0004554  0.00156896 0.00540719 -0.00118268  0 0 0  0 0 0   1 0 0 0  0 0 0  0 0 0
sphere 0 453 0.0004553  0.00387176 0.00531545 -0.00451552  0 0 0  0 0 0   1 0 0 0  0 0 0  0 0 0
sphere 0 454 0.0004552  0.00135821 0.00179791 -0.00178768  0 0 0  0 0 0   1 0 0 0  0 0 0  0 0 0
sphere 0 455 0.0004551  -0.00401863 0.00720042 -0.00452948  0 0 0  0 0 0   1 0 0 0  0 0 0  0 0 0
sphere 0 456 0.000455  -0.0018995 0.00549001 0.00129848  0 0 0  0 0 0   1 0 0 0  0 0 0  0 0 0
sphere 0 457 0.0004549  0.00110964 0.00516873 0.00166084  0 0 0  0 0 0   1 0 0 0  0 0 0  0 0 0
sphere 0 458 0.0004548  0.00451026 0.00517275 0.00183382  0 0 0  0 0 0   1 0 0 0  0 0 0  0 0 0
sphere 0 459 0.0004547  -0.000608197 0.0014653 0.00186686  0 0 0  0 0 0   1 0 0 0  0 0 0  0 0 0
sphere 0 460 0.0004546  -0.0035102 0.00531133 -0.00124415  0 0 0  0 0 0   1 0 0 0  0 0 0  0 0 0
sphere 0 461 0.0004545  -0.00274805 0.000521772 -0.00453941  0 0 0  0 0 0   1 0 0 0  0 0 0  0 0 0
sphere 0 462 0.0004544  0.00431425 0.00197993 -0.00104645  0 0 0  0 0 0   1 0 0 0  0 0 0  0 0 0
sphere 0 463 0.0004543  -0.0028823 0.00433137 -0.00130253  0 0 0  0 0 0   1 0 0 0  0 0 0  0 0 0
sphere 0 464 0.0004542  0.00280647 0.00260953 -0.00149357  0 0 0  0 0 0   1 0 0 0  0 0 0  0 0 0
sphere 0 465 0.0004541  -0.0044912 0.00406033 -0.00337464  0 0 0  0 0 0   1 0 0 0  0 0 0  0 0 0
sphere 0 466 0.000454  -0.000112209 0.00550014 -0.00126451  0 0 0  0 0 0   1 0 0 0  0 0 0  0 0 0
sphere 0 467 0.0004539  -0.00139403 0.00408288 -0.0016708  0 0 0  0 0 0   1 0 0 0  0 0 0  0 0 0
sphere 0 468 0.0004538  0.0039287 0.000577575 0.000475676  0 0 0  0 0 0   1 0 0 0  0 0 0  0 0 0
sphere 0 469 0.0004537  0.00353284 0.00137097 -0.00448832  0 0 0  0 0 0   1 0 0 0  0 0 0  0 0 0
sphere 0 470 0.0004536  0.00420716 0.00237706 0.0044747  0 0 0  0 0 0   1 0 0 0  0 0 0  0 0 0
sphere 0 471 0.0004535  -0.00453451 0.00595591 -0.00280836  0 0 0  0 0 0   1 0 0 0  0 0 0  0 0 0
sphere 0 472 0.0004534  0.00304261 0.00414745 0.000915676  0 0 0  0 0 0   1 0 0 0  0 0 0  0 0 0
sphere 0 473 0.0004533  -0.000546242 0.00251876 0.00449622  0 0 0  0 0 0   1 0 0 0  0 0 0  0 0 0
sphere 0 474 0.0004532  0.00045178 0.0037036 -0.00450272  0 0 0  0 0 0   1 0 0 0  0 0 0  0 0 0
sphere 0 475 0.0004531  -0.00226189 0.00253505 0.000803833  0 0 0  0 0 0   1 0 0 0  0 0 0  0 0 0
sphere 0 476 0.000453  -0.00184098 0.00636819 0.00301806  0 0 0  0 0 0   1 0 0 0  0 0 0  0 0 0
sphere 0 477 0.0004529  -0.00447899 0.000544441 -0.00446499  0 0 0  0 0 0   1 0 0 0  0 0 0  0 0 0
sphere 0 478 0.0004528  -0.00443341 0.00354819 0.000437596  0 0 0  0 0 0   1 0 0 0  0 0 0  0 0 0
sphere 0 479 0.0004527  -0.00353542 0.00587343 -0.00422395  0 0 0  0 0 0   1 0 0 0  0 0 0  0 0 0
sphere 0 480 0.0004526  0.00254913 0.00245318 0.00453609  0 0 0  0 0 0   1 0 0 0  0 0 0  0 0 0
sphere 0 481 0.0004525  0.00117058 0.000454115 -0.00236942  0 0 0  0 0 0   1 0 0 0  0 0 0  0 0 0
sphere 0 482 0.0004524  -0.00132491 0.00224711 -0.00237407  0 0 0  0 0 0   1 0 0 0  0 0 0  0 0 0
sphere 0 483 0.0004523  -0.00219668 0.0042429 -0.00365451  0 0 0  0 0 0   1 0 0 0  0 0 0  0 0 0
sphere 0 484 0.0004522  0.00133754 0.000559951 -0.00106006  0 0 0  0 0 0   1 0 0 0  0 0 0  0 0 0
sphere 0 485 0.0004521  0.000724579 0.00492738 0.00452988  0 0 0  0 0 0   1 0 0 0  0 0 0  0 0 0
sphere 0 486 0.000452  0.0043748 0.00659613 -0.00344332  0 0 0  0 0 0   1 0 0 0  0 0 0  0 0 0
sphere 0 487 0.0004519  -0.00351893 0.00125584 0.00440159  0 0 0  0 0 0   1 0 0 0  0 0 0  0 0 0
sphere 0 488 0.0004518  0.00204034 0.0045566 0.000836494  0 0 0  0 0 0   1 0 0 0  0 0 0  0 0 0
sphere 0 489 0.0004517  -0.00446555 0.00554061 -0.0043955  0 0 0  0 0 0   1 0 0 0  0 0 0  0 0 0
sphere 0 490 0.0004516  -0.000584367 0.00473272 -4.61247e-05  0 0 0  0 0 0   1 0 0 0  0 0 0  0 0 0
sphere 0 491 0.0004515  0.00114166 0.00603999 -0.00454412  0 0 0  0 0 0   1 0 0 0  0 0 0  0 0 0
sphere 0 492 0.0004514  0.00074135 0.00603756 -0.00246738  0 0 0  0 0 0   1 0 0 0  0 0 0  0 0 0
sphere 0 493 0.0004513  0.000951958 0.00468282 0.00281084  0 0 0  0 0 0   1 0 0 0  0 0 0  0 0 0
sphere 0 494 0.0004512  -0.00442526 0.00720587 0.00309832  0 0 0  0 0 0   1 0 0 0  0 0 0  0 0 0
sphere 0 495 0.0004511  -0.000474736 0.00318166 0.0014624  0 0 0  0 0 0   1 0 0 0  0 0 0  0 0 0
sphere 0 496 0.000451  0.00296445 0.00209133 0.00310811  0 0 0  0 0 0   1 0 0 0  0 0 0  0 0 0
sphere 0 497 0.0004509  0.00450524 0.0072768 0.00161038  0 0 0  0 0 0   1 0 0 0  0 0 0  0 0 0
sphere 0 498 0.0004508  -0.00306453 0.00714847 -0.000794141  0 0 0  0 0 0   1 0 0 0  0 0 0  0 0 0
sphere 0 499 0.0004507  -0.0033453 0.00123519 -0.00454163  0 0 0  0 0 0   1 0 0 0  0 0 0  0 0 0
sphere 0 500 0.0004506  0.00216762 0.00729647 -0.00134479  0 0 0  0 0 0   1 0 0 0  0 0 0  0 0 0
sphere 0 501 0.0004505  -0.000663687 0.00558843 0.00035576  0 0 0  0 0 0   1 0 0 0  0 0 0  0 0 0
sphere 0 502 0.0004504  0.00143191 0.00385141 -0.00147385  0 0 0  0 0 0   1 0 0 0  0 0 0  0 0 0
sphere 0 503 0.0004503  0.00295801 0.00693003 -0.00454841  0 0 0  0 0 0   1 0 0 0  0 0 0  0 0 0
sphere 0 504 0.0004502  0.00147839 0.0064236 -0.00111523  0 0 0  0 0 0   1 0 0 0  0 0 0  0 0 0
sphere 0 505 0.0004501  0.00446152 0.00289475 0.00226854  0 0 0  0 0 0   1 0 0 0  0 0 0  0 0 0
