-5.00000e-03 0.00000e+00 -5.00000e-03
5.00000e-03 7.76390e-03 5.00000e-03
0.00000e+00 3.88195e-03 0.00000e+00 5.00000e-04
3.92115e-03 1.92869e-03 -3.76968e-03 4.99900e-04
-4.98622e-04 2.52877e-03 -1.90606e-03 4.99800e-04
-2.99716e-03 7.50960e-04 1.84618e-03 4.99700e-04
4.45331e-03 2.24333e-03 -1.92038e-05 4.99600e-04
-1.49920e-03 5.09238e-03 -2.22609e-03 4.99500e-04
3.98835e-03 2.20857e-03 -2.08902e-03 4.99400e-04
-7.42120e-04 6.11400e-03 3.88115e-03 4.99300e-04
-3.87940e-03 4.35266e-03 -2.31913e-03 4.99200e-04
3.68654e-03 3.63664e-03 1.63290e-03 4.99100e-04
-3.45430e-03 3.69543e-03 -3.58161e-03 4.99000e-04
-4.10103e-03 6.35240e-03 1.28055e-03 4.98900e-04
-1.33343e-03 1.44467e-03 -3.00207e-03 4.98800e-04
1.17537e-03 6.62084e-03 -3.13443e-03 4.98700e-04
3.53692e-03 1.73101e-03 1.91428e-03 4.98600e-04
2.15671e-03 9.89783e-04 3.50940e-03 4.98500e-04
2.65960e-03 5.93115e-03 -4.08890e-03 4.98400e-04
-3.62093e-04 6.98221e-03 -3.79750e-03 4.98300e-04
-1.18420e-03 2.31110e-03 6.56665e-04 4.98200e-04
4.03714e-03 6.66936e-03 2.81058e-04 4.98100e-04
1.62349e-03 4.27836e-03 2.03089e-03 4.98000e-04
2.68581e-03 1.02184e-03 -4.09266e-03 4.97900e-04
3.04411e-03 1.11017e-03 2.83510e-03 4.97800e-04
-3.82795e-03 4.27197e-03 -1.05816e-03 4.97700e-04
-2.57161e-03 4.43058e-03 3.75143e-03 4.97600e-04
2.96741e-03 6.93100e-03 -1.78163e-03 4.97500e-04
2.17231e-03 2.61311e-03 2.85114e-03 4.97400e-04
3.43388e-03 3.64212e-03 5.29993e-05 4.97300e-04
4.31267e-03 1.44353e-03 6.63010e-04 4.97200e-04
1.87251e-03 1.03206e-03 -2.08104e-03 4.97100e-04
2.02103e-03 8.93097e-04 -4.74011e-04 4.97000e-04
-4.16273e-04 3.22837e-03 3.74110e-03 4.96900e-04
-2.21893e-03 5.90040e-03 2.18541e-03 4.96800e-04
-4.39945e-04 2.67173e-03 -7.85603e-04 4.96700e-04
2.67755e-03 3.61493e-03 2.34843e-03 4.96600e-04
-2.31670e-05 2.21480e-03 1.45451e-03 4.96500e-04
-2.07692e-05 6.43069e-03 -9.59972e-04 4.96400e-04
4.50626e-04 3.95080e-03 -3.25843e-03 4.96300e-04
-4.27194e-03 1.77390e-03 -4.45155e-03 4.96200e-04
2.86131e-03 3.15626e-03 3.71380e-03 4.96100e-04
1.00401e-03 6.27858e-03 8.63603e-04 4.96000e-04
-2.48355e-03 6.82022e-03 3.61389e-03 4.95900e-04
-1.77050e-03 2.75695e-03 -7.57541e-04 4.95800e-04
1.68147e-03 5.50564e-03 -2.55435e-03 4.95700e-04
-2.99988e-03 1.99925e-03 -3.98488e-03 4.95600e-04
-4.04137e-04 3.60061e-03 -1.94816e-03 4.95500e-04
-2.13175e-03 3.44225e-03 2.18430e-03 4.95400e-04
7.66169e-04 3.11373e-03 8.66436e-05 4.95300e-04
2.10412e-03 2.32571e-03 1.79020e-04 4.95200e-04
-2.60355e-03 1.55509e-03 5.00485e-04 4.95100e-04
3.84653e-03 2.90130e-03 -1.34536e-03 4.95000e-04
-2.48059e-03 6.16134e-03 7.91315e-05 4.94900e-04
-4.00834e-03 5.45268e-03 -8.30461e-05 4.94800e-04
3.62015e-03 2.86378e-03 2.80982e-03 4.94700e-04
4.06360e-03 8.01000e-04 1.71754e-03 4.94600e-04
-1.37589e-03 3.52407e-03 3.24742e-03 4.94500e-04
3.27104e-03 1.29329e-03 -1.09094e-03 4.94400e-04
1.05451e-03 4.74908e-03 -2.10121e-03 4.94300e-04
3.38070e-03 3.12149e-03 -4.45470e-03 4.94200e-04
-4.02206e-03 5.68466e-04 -2.08669e-03 4.94100e-04
4.49419e-03 8.68748e-04 -1.31670e-03 4.94000e-04
4.36372e-03 6.95429e-03 -2.34007e-03 4.93900e-04
1.00185e-03 7.25092e-03 -2.14992e-03 4.93800e-04
-4.01418e-03 8.10214e-04 -1.00217e-04 4.93700e-04
9.91631e-04 7.15514e-03 1.42416e-03 4.93600e-04
1.82403e-03 2.89214e-03 -1.67974e-03 4.93500e-04
-3.36341e-03 6.10439e-03 2.72897e-03 4.93400e-04
2.54046e-03 3.24083e-03 -3.55721e-03 4.93300e-04
-8.76028e-04 6.09179e-03 1.83308e-03 4.93200e-04
4.57651e-04 1.01873e-03 -2.72770e-03 4.93100e-04
3.90602e-03 4.21576e-03 -9.65735e-04 4.93000e-04
-4.29551e-03 2.20453e-03 1.18425e-03 4.92900e-04
2.29975e-03 2.62176e-03 -2.62364e-03 4.92800e-04
3.67822e-03 4.19856e-03 -2.21810e-03 4.92700e-04
-4.14364e-03 5.40390e-03 2.68997e-03 4.92600e-04
3.79795e-03 4.90802e-03 3.39819e-03 4.92500e-04
2.02338e-03 6.49137e-03 -1.90709e-03 4.92400e-04
-2.36902e-03 3.74126e-03 -1.86349e-03 4.92300e-04
-7.21115e-04 4.73047e-03 9.53231e-04 4.92200e-04
2.17330e-03 2.56505e-03 1.41735e-03 4.92100e-04
-2.43521e-03 1.10214e-03 -2.46057e-03 4.92000e-04
3.42317e-03 5.19124e-03 -2.79847e-04 4.91900e-04
-4.26895e-03 2.66438e-03 3.35730e-03 4.91800e-04
1.14310e-03 3.89478e-03 3.44008e-03 4.91700e-04
-5.82359e-04 1.62973e-03 -5.71445e-04 4.91600e-04
1.33566e-03 3.57382e-03 -4.03072e-03 4.91500e-04
-4.42784e-03 6.24933e-03 3.42457e-03 4.91400e-04
1.07050e-03 4.73869e-03 7.95111e-04 4.91300e-04
3.52792e-03 5.36524e-03 -1.94925e-03 4.91200e-04
-4.93399e-04 2.62537e-03 2.35317e-03 4.91100e-04
3.17943e-04 8.16783e-04 2.11626e-03 4.91000e-04
3.73721e-03 3.30846e-03 -3.16616e-03 4.90900e-04
-1.36240e-04 6.56065e-03 6.10545e-04 4.90800e-04
3.31601e-03 1.37605e-03 3.15022e-04 4.90700e-04
-4.32301e-03 6.41108e-03 -4.03751e-03 4.90600e-04
-3.61334e-03 1.24547e-03 2.45633e-03 4.90500e-04
3.13167e-03 5.32749e-03 4.35774e-03 4.90400e-04
1.67088e-04 5.82253e-03 2.73816e-03 4.90300e-04
-3.82388e-03 3.25243e-03 -2.24914e-03 4.90200e-04
-2.79779e-04 7.06451e-03 1.98023e-03 4.90100e-04
-2.22050e-04 6.05219e-03 -2.38356e-03 4.90000e-04
-1.87088e-03 7.12785e-03 4.32286e-03 4.89900e-04
2.61559e-03 4.13232e-03 -2.79860e-03 4.89800e-04
-1.30978e-03 1.08289e-03 1.03618e-03 4.89700e-04
3.78191e-03 7.22501e-03 3.42422e-03 4.89600e-04
-3.37266e-03 2.66459e-03 1.35483e-03 4.89500e-04
3.05549e-03 6.26883e-03 2.34220e-03 4.89400e-04
-2.56499e-03 5.53664e-03 -1.40816e-03 4.89300e-04
-3.70806e-03 5.75786e-03 4.20327e-03 4.89200e-04
-2.54631e-03 6.79628e-03 -2.26855e-03 4.89100e-04
5.60720e-04 6.33979e-03 4.26126e-03 4.89000e-04
2.50437e-03 5.34998e-03 -6.45092e-04 4.88900e-04
-7.64072e-04 6.77396e-04 -3.92613e-03 4.88800e-04
-3.65365e-03 4.32714e-03 1.95852e-04 4.88700e-04
-4.36634e-03 7.10742e-03 -2.28971e-03 4.88600e-04
-1.95036e-03 5.39238e-04 3.19237e-03 4.88500e-04
9.88251e-04 9.35001e-04 -3.82844e-03 4.88400e-04
-1.42719e-03 6.06938e-03 6.63669e-04 4.88300e-04
-4.18214e-03 4.97738e-03 -3.42000e-03 4.88200e-04
2.09169e-03 3.81393e-03 1.01345e-04 4.88100e-04
1.59295e-04 8.59195e-04 4.64396e-04 4.88000e-04
4.20139e-03 2.25797e-03 1.34053e-03 4.87900e-04
-1.99452e-03 2.86829e-03 -2.67575e-03 4.87800e-04
-3.65455e-03 3.46570e-03 1.91811e-03 4.87700e-04
-2.16052e-03 5.79274e-03 4.24490e-03 4.87600e-04
3.69544e-03 3.19246e-03 4.43167e-03 4.87500e-04
2.58390e-03 3.54286e-03 -1.44069e-03 4.87400e-04
3.06893e-04 5.37859e-03 5.69207e-05 4.87300e-04
1.31768e-03 1.33659e-03 1.01474e-03 4.87200e-04
-3.06494e-03 4.76376e-03 -3.67716e-03 4.87100e-04
-2.90461e-03 4.74288e-03 2.34429e-03 4.87000e-04
4.00069e-03 4.72753e-03 -3.60430e-03 4.86900e-04
3.25558e-04 9.58228e-04 4.36124e-03 4.86800e-04
-1.07206e-03 6.73638e-03 -3.01171e-03 4.86700e-04
-2.05742e-03 6.95396e-03 2.21783e-03 4.86600e-04
-3.51904e-03 6.95104e-03 -3.19550e-03 4.86500e-04
-4.26149e-03 7.02095e-03 2.11176e-03 4.86400e-04
1.40905e-03 5.38040e-03 3.90841e-03 4.86300e-04
-1.41214e-03 1.60605e-03 4.18363e-03 4.86200e-04
-3.47509e-03 2.12715e-03 -2.08131e-03 4.86100e-04
7.63816e-04 5.80993e-03 -1.51964e-03 4.86000e-04
-4.43231e-03 6.79316e-03 -4.38554e-06 4.85900e-04
-2.59949e-03 3.07881e-03 4.40398e-03 4.85800e-04
1.66491e-03 7.00950e-03 -4.15254e-03 4.85700e-04
-3.07836e-03 2.25504e-03 2.40638e-03 4.85600e-04
7.89375e-04 2.51807e-03 3.28732e-03 4.85500e-04
4.51005e-03 4.16302e-03 2.22904e-03 4.85400e-04
-3.09191e-03 6.69661e-03 1.33710e-03 4.85300e-04
-2.41254e-03 5.02016e-03 5.60704e-04 4.85200e-04
3.18491e-03 1.15019e-03 -2.96688e-03 4.85100e-04
1.70153e-04 2.97113e-03 -2.62564e-03 4.85000e-04
3.36588e-03 6.11384e-04 4.38041e-03 4.84900e-04
2.96243e-03 6.13119e-03 4.78548e-04 4.84800e-04
-4.28638e-03 3.70245e-03 -4.37774e-03 4.84700e-04
-2.04217e-03 2.53259e-03 2.74882e-03 4.84600e-04
-2.74063e-03 2.73730e-03 -5.85443e-04 4.84500e-04
-1.96219e-03 8.63354e-04 -1.30389e-03 4.84400e-04
6.05755e-04 6.67971e-03 -3.97180e-03 4.84300e-04
2.43264e-03 7.18909e-03 1.61735e-03 4.84200e-04
2.59248e-03 7.13639e-03 3.90371e-03 4.84100e-04
2.67766e-03 5.07143e-03 3.05324e-03 4.84000e-04
-1.51238e-03 1.88538e-03 -4.36887e-03 4.83900e-04
2.31198e-03 2.50969e-03 -4.49290e-03 4.83800e-04
-3.36663e-03 7.41001e-04 -2.90106e-03 4.83700e-04
-1.67838e-03 4.47052e-03 2.28001e-03 4.83600e-04
-8.39877e-04 4.03675e-03 2.03818e-03 4.83500e-04
2.15462e-03 5.63241e-03 1.56444e-03 4.83400e-04
-4.17431e-04 5.55619e-04 1.30990e-03 4.83300e-04
5.62666e-04 2.12433e-03 -2.24082e-03 4.83200e-04
-8.94435e-04 8.74349e-04 2.81436e-03 4.83100e-04
-1.29213e-03 3.74904e-03 -4.53701e-04 4.83000e-04
-3.42220e-03 2.49796e-03 4.37089e-03 4.82900e-04
4.20389e-03 5.18000e-03 8.25163e-04 4.82800e-04
4.20581e-03 9.84346e-04 -3.22123e-04 4.82700e-04
-4.46020e-03 2.10283e-03 -2.56190e-03 4.82600e-04
-3.66824e-03 6.42435e-03 -2.30493e-03 4.82500e-04
-2.96961e-03 3.39616e-03 3.35721e-03 4.82400e-04
-1.78235e-03 5.48689e-03 3.39853e-03 4.82300e-04
3.88286e-03 1.83253e-03 3.73998e-03 4.82200e-04
-5.13069e-04 2.02871e-03 -4.18405e-03 4.82100e-04
-1.88295e-03 4.39428e-03 -8.88489e-04 4.82000e-04
-1.48761e-03 4.20508e-03 -2.76648e-03 4.81900e-04
6.72049e-05 5.82877e-03 -4.33306e-03 4.81800e-04
-3.91076e-03 4.75099e-03 -4.48262e-03 4.81700e-04
1.89463e-03 1.69621e-03 1.78099e-03 4.81600e-04
5.69822e-04 4.49610e-03 -9.18839e-04 4.81500e-04
-4.14626e-03 3.27183e-03 -1.33040e-03 4.81400e-04
4.28262e-03 4.31633e-03 4.05102e-03 4.81300e-04
4.03522e-03 6.55284e-03 1.97358e-03 4.81200e-04
4.20284e-03 7.08382e-03 -1.18223e-03 4.81100e-04
3.44390e-04 1.64830e-03 -1.36643e-03 4.81000e-04
-2.54793e-03 5.98671e-03 -3.94612e-03 4.80900e-04
2.57044e-03 4.92008e-03 -3.47285e-03 4.80800e-04
-4.46791e-03 1.09539e-03 -3.66385e-03 4.80700e-04
4.37769e-03 5.47633e-03 2.78859e-03 4.80600e-04
-2.36057e-04 1.78272e-03 2.77891e-03 4.80500e-04
-4.45895e-03 6.70377e-04 1.68730e-03 4.80400e-04
-1.39621e-03 4.52384e-03 -4.21449e-03 4.80300e-04
4.27188e-03 7.81534e-04 3.45363e-03 4.80200e-04
-1.13886e-03 5.36236e-03 -4.75341e-04 4.80100e-04
-1.68796e-03 6.23059e-03 -8.43504e-04 4.80000e-04
-3.38242e-03 1.14062e-03 3.42884e-03 4.79900e-04
4.32394e-04 3.44165e-03 -1.18101e-03 4.79800e-04
1.30608e-03 5.07522e-03 -3.02628e-04 4.79700e-04
1.03079e-03 7.21535e-03 2.39505e-03 4.79600e-04
3.36366e-04 3.67934e-03 1.23140e-03 4.79500e-04
3.21776e-03 6.08485e-04 -2.14356e-03 4.79400e-04
-4.46927e-03 5.01605e-04 4.34194e-03 4.79300e-04
-1.30064e-04 5.07826e-03 4.05955e-03 4.79200e-04
1.02342e-03 1.60443e-03 -5.98466e-04 4.79100e-04
-4.35195e-03 5.58686e-03 -1.78671e-03 4.79000e-04
-1.03735e-05 4.56377e-03 2.18377e-03 4.78900e-04
-2.82572e-03 5.08393e-03 -2.44022e-03 4.78800e-04
-2.56449e-03 3.28482e-03 2.74145e-04 4.78700e-04
-2.53611e-03 6.96382e-03 -4.47394e-03 4.78600e-04
-5.60935e-04 3.96353e-03 -3.99905e-03 4.78500e-04
4.17370e-03 1.39667e-03 -2.63983e-03 4.78400e-04
-1.43943e-03 5.38388e-03 -3.39712e-03 4.78300e-04
1.15296e-03 2.47221e-03 -1.07608e-03 4.78200e-04
2.46894e-03 6.23723e-04 1.53923e-03 4.78100e-04
-6.06891e-04 5.73908e-04 -1.25696e-04 4.78000e-04
-1.47867e-03 1.70325e-03 -1.47509e-03 4.77900e-04
2.44386e-03 5.49068e-03 -1.69377e-03 4.77800e-04
2.00892e-03 4.02792e-03 4.24717e-03 4.77700e-04
2.01108e-03 6.34003e-03 4.33490e-03 4.77600e-04
-2.70547e-03 3.92690e-03 1.54812e-03 4.77500e-04
-2.93390e-03 1.23889e-03 -3.69130e-04 4.77400e-04
-3.57526e-03 6.74097e-03 3.52447e-03 4.77300e-04
-3.90750e-03 6.86697e-03 -1.40454e-03 4.77200e-04
8.25934e-04 4.95748e-03 -3.71849e-03 4.77100e-04
8.53721e-04 2.39718e-03 -4.32515e-03 4.77000e-04
-1.70454e-03 7.15225e-03 -3.69773e-04 4.76900e-04
3.98534e-03 6.79466e-03 4.29650e-03 4.76800e-04
-3.66681e-03 1.45878e-03 1.39119e-03 4.76700e-04
-1.92485e-03 7.11252e-03 1.27120e-03 4.76600e-04
1.98003e-03 2.06482e-03 3.87046e-03 4.76500e-04
-4.30558e-03 1.38061e-03 3.90433e-03 4.76400e-04
-1.61458e-03 1.88033e-03 -3.43288e-04 4.76300e-04
-1.65958e-04 7.25531e-03 -2.58766e-03 4.76200e-04
4.39542e-03 6.26812e-03 -4.46194e-03 4.76100e-04
1.57794e-03 7.08871e-03 -4.22393e-04 4.76000e-04
4.36147e-03 6.04685e-03 -1.61844e-03 4.75900e-04
-2.77017e-03 1.60550e-03 -1.54576e-03 4.75800e-04
4.51882e-03 2.74615e-03 3.37256e-03 4.75700e-04
-9.51137e-04 7.92086e-04 -1.38546e-03 4.75600e-04
4.73704e-04 6.33345e-04 -7.06177e-04 4.75500e-04
-3.60139e-03 3.95910e-03 4.28874e-03 4.75400e-04
2.28751e-04 5.76605e-03 1.17564e-03 4.75300e-04
-2.28215e-04 6.17628e-04 3.58694e-03 4.75200e-04
-2.25620e-03 1.56747e-03 2.29113e-03 4.75100e-04
-4.46496e-03 3.62976e-03 2.79941e-03 4.75000e-04
8.21481e-04 1.12864e-03 3.38580e-03 4.74900e-04
-3.11088e-03 2.69093e-03 -3.07757e-03 4.74800e-04
2.82770e-03 5.81172e-03 -2.52583e-03 4.74700e-04
1.30859e-03 6.38521e-03 3.41254e-03 4.74600e-04
-9.32274e-04 4.39753e-03 3.11957e-03 4.74500e-04
-4.01237e-04 4.60869e-03 -1.57531e-03 4.74400e-04
3.68601e-03 7.08999e-03 -3.84491e-03 4.74300e-04
1.50483e-03 4.32679e-03 -3.30661e-03 4.74200e-04
-3.02548e-04 3.05174e-03 -4.10662e-03 4.74100e-04
3.46772e-03 2.75763e-03 5.23866e-04 4.74000e-04
2.23673e-03 6.92471e-03 5.35050e-04 4.73900e-04
2.45203e-03 6.46768e-03 -5.32245e-04 4.73800e-04
7.95233e-04 2.36134e-03 -3.18033e-03 4.73700e-04
1.12615e-03 2.91929e-03 2.09673e-03 4.73600e-04
-5.92814e-04 3.09870e-03 4.36202e-04 4.73500e-04
3.27545e-03 4.01253e-03 4.04427e-03 4.73400e-04
2.28579e-03 1.37050e-03 4.17954e-04 4.73300e-04
-3.84009e-03 2.78782e-03 5.18569e-04 4.73200e-04
2.22647e-03 7.10058e-03 -2.66949e-03 4.73100e-04
4.33129e-03 4.15166e-03 1.06480e-03 4.73000e-04
1.61667e-03 1.63585e-03 -2.96784e-03 4.72900e-04
-2.05281e-03 1.03720e-03 -3.84135e-03 4.72800e-04
-1.70602e-03 4.52880e-03 1.24030e-03 4.72700e-04
-4.38760e-03 4.32405e-03 1.06962e-03 4.72600e-04
2.83181e-03 4.98714e-03 5.09203e-04 4.72500e-04
1.61869e-04 6.90959e-03 3.07098e-03 4.72400e-04
-3.21530e-03 7.16208e-03 2.21697e-04 4.72300e-04
1.00531e-03 2.29119e-03 8.87343e-04 4.72200e-04
-3.08257e-03 3.22187e-03 -4.52503e-03 4.72100e-04
-1.49831e-03 1.03201e-03 7.71509e-05 4.72000e-04
-2.84413e-03 4.86736e-04 -1.10481e-03 4.71900e-04
-1.65725e-03 3.41323e-03 -4.42314e-03 4.71800e-04
-2.79084e-03 4.08665e-03 -2.98682e-04 4.71700e-04
-1.05839e-03 3.65972e-03 4.36879e-03 4.71600e-04
3.53776e-03 6.89878e-03 1.19222e-03 4.71500e-04
-2.34076e-03 1.63178e-03 4.43322e-03 4.71400e-04
1.79667e-03 4.32215e-03 -6.67542e-04 4.71300e-04
1.98983e-03 5.50073e-03 4.55615e-04 4.71200e-04
2.91320e-03 1.62707e-03 4.27225e-03 4.71100e-04
1.18119e-03 6.04088e-03 -2.34203e-04 4.71000e-04
-3.50398e-04 1.85627e-03 3.78057e-03 4.70900e-04
-3.58271e-03 2.23339e-03 -8.18861e-04 4.70800e-04
1.34480e-03 5.61732e-03 2.63929e-03 4.70700e-04
2.24049e-03 3.71517e-03 1.22504e-03 4.70600e-04
1.83976e-03 7.14809e-03 3.13654e-03 4.70500e-04
-5.16169e-04 1.05402e-03 -2.64742e-03 4.70400e-04
-4.52129e-03 6.02771e-04 2.88481e-03 4.70300e-04
3.96874e-03 7.90603e-04 -3.63892e-03 4.70200e-04
-3.51938e-03 5.43787e-04 -3.90175e-03 4.70100e-04
1.87907e-04 4.70644e-03 -4.48090e-03 4.70000e-04
1.56805e-03 2.99433e-03 4.14810e-03 4.69900e-04
-8.34131e-04 6.28510e-03 -4.49114e-03 4.69800e-04
-2.40728e-03 3.30845e-03 -3.60597e-03 4.69700e-04
-3.94113e-03 4.45274e-03 3.13391e-03 4.69600e-04
1.75202e-03 5.36868e-03 -4.27197e-03 4.69500e-04
-1.45887e-03 7.23675e-03 -1.56559e-03 4.69400e-04
9.40660e-04 1.83960e-03 4.47716e-03 4.69300e-04
-4.32085e-03 2.74677e-03 2.06015e-03 4.69200e-04
-4.39782e-03 6.22023e-03 -8.61965e-04 4.69100e-04
-3.58551e-03 3.75137e-03 9.59776e-04 4.69000e-04
-3.75674e-03 5.36655e-03 1.53945e-03 4.68900e-04
-8.24236e-04 6.73319e-03 2.70777e-03 4.68800e-04
4.51044e-03 5.09184e-03 -2.19208e-03 4.68700e-04
2.10474e-03 2.18156e-03 -9.72184e-04 4.68600e-04
3.60238e-03 6.24020e-03 -6.96542e-04 4.68500e-04
-4.23089e-03 4.38541e-03 2.01820e-03 4.68400e-04
-3.50409e-03 6.36618e-03 -2.59194e-04 4.68300e-04
1.77868e-04 4.47916e-03 3.26433e-03 4.68200e-04
1.37845e-03 5.93441e-04 2.31978e-03 4.68100e-04
3.09892e-03 2.35389e-03 -3.23926e-04 4.68000e-04
3.62263e-03 6.41153e-03 -2.80966e-03 4.67900e-04
3.29064e-03 4.24748e-03 2.74771e-03 4.67800e-04
-4.50716e-03 1.91159e-03 -1.10762e-03 4.67700e-04
4.44556e-03 6.81509e-03 2.79073e-03 4.67600e-04
1.28881e-03 3.67455e-03 -2.46629e-03 4.67500e-04
4.50024e-03 1.20801e-03 4.37999e-03 4.67400e-04
-4.88705e-04 2.28364e-03 -2.93256e-03 4.67300e-04
2.89862e-03 1.85394e-03 -2.37846e-03 4.67200e-04
2.41839e-03 4.54330e-03 -1.85128e-03 4.67100e-04
-1.25619e-03 4.87393e-03 4.43883e-03 4.67000e-04
-4.51316e-03 1.88741e-03 2.70927e-03 4.66900e-04
-4.27596e-04 4.49384e-03 -3.10832e-03 4.66800e-04
-9.34640e-04 6.25055e-03 -1.58495e-03 4.66700e-04
2.65558e-03 4.79906e-03 1.52961e-03 4.66600e-04
4.14071e-03 4.03903e-03 3.11125e-03 4.66500e-04
4.00370e-03 5.71669e-03 4.16182e-03 4.66400e-04
3.64093e-05 1.48464e-03 -3.50044e-03 4.66300e-04
-2.91239e-03 5.75854e-03 -3.09932e-03 4.66200e-04
-4.33681e-03 7.23887e-03 4.08249e-03 4.66100e-04
4.45603e-03 2.42577e-03 -4.49615e-03 4.66000e-04
2.65938e-03 6.97705e-03 -3.49364e-03 4.65900e-04
3.13263e-03 6.30991e-03 3.70342e-03 4.65800e-04
-2.85834e-03 4.70358e-04 2.85483e-03 4.65700e-04
-9.16168e-04 7.22195e-03 4.36657e-03 4.65600e-04
3.99068e-04 2.75020e-03 4.33608e-03 4.65500e-04
-2.17903e-03 2.32708e-03 -1.69254e-03 4.65400e-04
-1.27695e-03 3.15571e-03 -1.96334e-03 4.65300e-04
-1.70315e-03 6.63969e-03 -3.93158e-03 4.65200e-04
1.01203e-03 7.26604e-03 4.28894e-03 4.65100e-04
2.59660e-03 5.19509e-04 -1.34637e-03 4.65000e-04
3.00119e-03 2.31112e-03 -3.66354e-03 4.64900e-04
6.31692e-04 6.31880e-03 1.98601e-03 4.64800e-04
-1.53921e-05 4.78404e-04 -1.62245e-03 4.64700e-04
-9.90968e-04 3.39923e-03 -3.08960e-03 4.64600e-04
-4.47810e-03 2.94749e-03 -4.52022e-04 4.64500e-04
-6.55885e-04 7.25620e-03 -1.21036e-04 4.64400e-04
1.77467e-03 3.21428e-03 -6.72693e-04 4.64300e-04
-7.05324e-04 5.43315e-03 2.83686e-03 4.64200e-04
1.84723e-03 1.50423e-03 -4.24636e-03 4.64100e-04
-2.96808e-03 5.47899e-03 -4.53128e-04 4.64000e-04
4.52029e-03 1.71048e-03 2.26943e-03 4.63900e-04
3.15011e-06 3.57037e-03 2.56652e-03 4.63800e-04
3.55806e-03 5.52615e-03 -3.17232e-03 4.63700e-04
2.91053e-04 8.13936e-04 -4.53209e-03 4.63600e-04
-1.91247e-03 2.24200e-03 1.68741e-03 4.63500e-04
-1.50568e-03 4.63325e-03 2.11846e-04 4.63400e-04
1.84324e-03 1.25052e-03 4.52137e-03 4.63300e-04
-1.24960e-03 1.78257e-03 2.69860e-03 4.63200e-04
-4.38888e-03 1.86131e-03 9.47535e-05 4.63100e-04
-1.53239e-03 3.55434e-03 7.16608e-04 4.63000e-04
6.09482e-04 3.81246e-03 4.38569e-03 4.62900e-04
-6.37303e-05 5.40460e-03 -3.10517e-03 4.62800e-04
-1.09879e-03 2.44965e-03 3.75344e-03 4.62700e-04
4.44027e-03 3.61751e-03 -2.29875e-03 4.62600e-04
3.32054e-03 3.19253e-03 -2.14354e-03 4.62500e-04
4.42336e-03 4.30958e-03 -1.21790e-04 4.62400e-04
4.53357e-03 3.27240e-03 -6.65397e-04 4.62300e-04
1.75764e-03 6.35784e-03 2.10486e-03 4.62200e-04
-4.34785e-03 2.93325e-03 -3.41123e-03 4.62100e-04
-4.49863e-03 2.77209e-03 4.46299e-03 4.62000e-04
7.33180e-04 6.98261e-03 -1.20158e-03 4.61900e-04
-2.65661e-03 7.06080e-04 4.30773e-03 4.61800e-04
-1.54188e-03 7.22304e-03 3.40988e-03 4.61700e-04
4.37594e-03 5.19568e-03 -5.61379e-04 4.61600e-04
2.21853e-03 3.99053e-03 -4.30120e-03 4.61500e-04
-2.27708e-03 5.24174e-04 8.69691e-04 4.61400e-04
1.32754e-03 1.94253e-03 2.64822e-03 4.61300e-04
3.09280e-03 4.37476e-03 -4.50959e-03 4.61200e-04
1.41386e-03 3.17811e-03 1.11106e-03 4.61100e-04
-3.00621e-03 5.57088e-03 3.58257e-03 4.61000e-04
-4.37838e-03 4.53815e-03 4.20722e-03 4.60900e-04
4.50231e-03 9.81731e-04 -4.49818e-03 4.60800e-04
-1.99278e-03 6.19153e-04 1.75988e-03 4.60700e-04
3.33277e-03 5.65459e-03 1.20832e-03 4.60600e-04
1.26015e-03 5.55274e-04 4.88192e-05 4.60500e-04
1.32370e-03 5.27498e-04 4.21050e-03 4.60400e-04
-2.01145e-03 2.32260e-03 -3.48536e-03 4.60300e-04
-2.54240e-03 3.81388e-03 -2.80049e-03 4.60200e-04
2.14597e-03 6.21726e-03 -3.23689e-03 4.60100e-04
-3.25290e-03 6.23160e-03 -1.15900e-03 4.60000e-04
2.86717e-03 4.54651e-03 -1.01901e-03 4.59900e-04
-2.25451e-03 5.04710e-03 -4.23435e-03 4.59800e-04
2.93224e-03 7.19748e-03 -1.96670e-04 4.59700e-04
3.37511e-03 5.34395e-03 2.34167e-03 4.59600e-04
-4.45333e-03 4.42413e-03 -3.35486e-04 4.59500e-04
-3.26624e-03 7.57380e-04 5.00832e-04 4.59400e-04
-7.01057e-04 5.28816e-03 -3.99092e-03 4.59300e-04
4.47456e-03 2.49200e-03 -2.96590e-03 4.59200e-04
2.66840e-03 7.27498e-03 2.59424e-03 4.59100e-04
-2.03019e-03 2.17642e-03 3.62321e-03 4.59000e-04
-1.28939e-03 2.98719e-03 1.91767e-03 4.58900e-04
-1.86340e-03 6.00622e-03 -2.43697e-03 4.58800e-04
-1.17669e-03 2.69991e-03 -3.97068e-03 4.58700e-04
4.52131e-03 4.00853e-03 -4.21905e-03 4.58600e-04
-3.20532e-03 2.28352e-03 3.46209e-03 4.58500e-04
-3.53409e-04 1.67053e-03 7.18000e-04 4.58400e-04
-3.21837e-03 3.52110e-03 -9.81478e-04 4.58300e-04
-2.14435e-03 7.17164e-03 -3.20621e-03 4.58200e-04
2.85898e-03 5.07807e-04 1.22456e-05 4.58100e-04
-1.74195e-03 5.10936e-04 -2.90252e-03 4.58000e-04
3.14654e-03 2.73803e-03 1.91476e-03 4.57900e-04
1.81786e-03 4.55773e-03 3.29609e-03 4.57800e-04
-1.14152e-03 5.20878e-04 3.82534e-03 4.57700e-04
-2.42177e-03 6.75483e-03 -1.30397e-03 4.57600e-04
4.41621e-04 7.06847e-03 4.67358e-05 4.57500e-04
4.30899e-03 3.21771e-03 9.82590e-04 4.57400e-04
-3.99396e-03 7.50083e-04 -1.06608e-03 4.57300e-04
2.36205e-03 6.06959e-03 3.18445e-03 4.57200e-04
-2.96926e-03 6.56168e-03 4.43663e-03 4.57100e-04
1.74717e-03 2.60078e-03 -3.50917e-03 4.57000e-04
2.92298e-03 2.01705e-03 1.12115e-03 4.56900e-04
-8.16412e-04 7.12633e-03 1.19242e-03 4.56800e-04
-2.86543e-03 4.29767e-03 -4.51970e-03 4.56700e-04
-3.00559e-03 5.15592e-03 4.44005e-03 4.56600e-04
-2.41718e-03 1.34196e-03 3.42134e-03 4.56500e-04
2.06394e-03 5.98208e-04 -3.33493e-03 4.56400e-04
1.85455e-03 3.54213e-03 2.84307e-03 4.56300e-04
-2.91621e-03 5.59021e-03 1.12070e-03 4.56200e-04
4.53057e-03 5.54584e-03 -3.60858e-03 4.56100e-04
-3.14181e-03 7.19842e-03 2.46451e-03 4.56000e-04
7.56241e-04 5.74561e-04 1.30162e-03 4.55900e-04
2.87427e-04 2.23277e-03 4.91066e-05 4.55800e-04
-3.64107e-03 1.70058e-03 -3.27598e-03 4.55700e-04
8.82962e-04 4.25957e-03 -3.04434e-05 4.55600e-04
-3.76525e-03 2.61218e-03 -4.15100e-03 4.55500e-04
1.56896e-03 5.40719e-03 -1.18268e-03 4.55400e-04
3.87176e-03 5.31545e-03 -4.51552e-03 4.55300e-04
1.35821e-03 1.79791e-03 -1.78768e-03 4.55200e-04
-4.01863e-03 7.20042e-03 -4.52948e-03 4.55100e-04
-1.89950e-03 5.49001e-03 1.29848e-03 4.55000e-04
1.10964e-03 5.16873e-03 1.66084e-03 4.54900e-04
4.51026e-03 5.17275e-03 1.83382e-03 4.54800e-04
-6.08197e-04 1.46530e-03 1.86686e-03 4.54700e-04
-3.51020e-03 5.31133e-03 -1.24415e-03 4.54600e-04
-2.74805e-03 5.21772e-04 -4.53941e-03 4.54500e-04
4.31425e-03 1.97993e-03 -1.04645e-03 4.54400e-04
-2.88230e-03 4.33137e-03 -1.30253e-03 4.54300e-04
2.80647e-03 2.60953e-03 -1.49357e-03 4.54200e-04
-4.49120e-03 4.06033e-03 -3.37464e-03 4.54100e-04
-1.12209e-04 5.50014e-03 -1.26451e-03 4.54000e-04
-1.39403e-03 4.08288e-03 -1.67080e-03 4.53900e-04
3.92870e-03 5.77575e-04 4.75676e-04 4.53800e-04
3.53284e-03 1.37097e-03 -4.48832e-03 4.53700e-04
4.20716e-03 2.37706e-03 4.47470e-03 4.53600e-04
-4.53451e-03 5.95591e-03 -2.80836e-03 4.53500e-04
3.04261e-03 4.14745e-03 9.15676e-04 4.53400e-04
-5.46242e-04 2.51876e-03 4.49622e-03 4.53300e-04
4.51780e-04 3.70360e-03 -4.50272e-03 4.53200e-04
-2.26189e-03 2.53505e-03 8.03833e-04 4.53100e-04
-1.84098e-03 6.36819e-03 3.01806e-03 4.53000e-04
-4.47899e-03 5.44441e-04 -4.46499e-03 4.52900e-04
-4.43341e-03 3.54819e-03 4.37596e-04 4.52800e-04
-3.53542e-03 5.87343e-03 -4.22395e-03 4.52700e-04
2.54913e-03 2.45318e-03 4.53609e-03 4.52600e-04
1.17058e-03 4.54115e-04 -2.36942e-03 4.52500e-04
-1.32491e-03 2.24711e-03 -2.37407e-03 4.52400e-04
-2.19668e-03 4.24290e-03 -3.65451e-03 4.52300e-04
1.33754e-03 5.59951e-04 -1.06006e-03 4.52200e-04
7.24579e-04 4.92738e-03 4.52988e-03 4.52100e-04
4.37480e-03 6.59613e-03 -3.44332e-03 4.52000e-04
-3.51893e-03 1.25584e-03 4.40159e-03 4.51900e-04
2.04034e-03 4.55660e-03 8.36494e-04 4.51800e-04
-4.46555e-03 5.54061e-03 -4.39550e-03 4.51700e-04
-5.84367e-04 4.73272e-03 -4.61247e-05 4.51600e-04
1.14166e-03 6.03999e-03 -4.54412e-03 4.51500e-04
7.41350e-04 6.03756e-03 -2.46738e-03 4.51400e-04
9.51958e-04 4.68282e-03 2.81084e-03 4.51300e-04
-4.42526e-03 7.20587e-03 3.09832e-03 4.51200e-04
-4.74736e-04 3.18166e-03 1.46240e-03 4.51100e-04
2.96445e-03 2.09133e-03 3.10811e-03 4.51000e-04
4.50524e-03 7.27680e-03 1.61038e-03 4.50900e-04
-3.06453e-03 7.14847e-03 -7.94141e-04 4.50800e-04
-3.34530e-03 1.23519e-03 -4.54163e-03 4.50700e-04
2.16762e-03 7.29647e-03 -1.34479e-03 4.50600e-04
-6.63687e-04 5.58843e-03 3.55760e-04 4.50500e-04
1.43191e-03 3.85141e-03 -1.47385e-03 4.50400e-04
2.95801e-03 6.93003e-03 -4.54841e-03 4.50300e-04
1.47839e-03 6.42360e-03 -1.11523e-03 4.50200e-04
4.46152e-03 2.89475e-03 2.26854e-03 4.50100e-04
